2.1258174456306733e-06,-8.702378181624226e-06,0.9418640732765198
0.12873879075050354,-0.04959841072559357,0.9548773169517517
0.07278406620025635,-0.12188446521759033,0.472997784614563
0.03343355655670166,-0.24257564544677734,0.03171718120574951
-0.12874019145965576,0.04959035664796829,0.9287903308868408
-0.15327246487140656,-0.03354400396347046,0.45087188482284546
-0.1758916974067688,-0.14476168155670166,0.004614472389221191
-0.03196699544787407,-0.06613360345363617,1.1911317110061646
-0.00945691391825676,-0.003800809383392334,1.4418177604675293
0.0170142725110054,0.06755924224853516,1.5320274829864502
0.004672640934586525,0.01849377155303955,1.6273400783538818
-0.12893518805503845,0.03052455186843872,1.3641399145126343
-0.24579042196273804,0.016841456294059753,1.0878357887268066
-0.278989315032959,0.0752871185541153,0.8420041799545288
0.10137902200222015,-0.06460708379745483,1.3636060953140259
0.1841028481721878,-0.14369088411331177,1.084519624710083
0.2521876096725464,-0.11244018375873566,0.8439309000968933
