1.7030506569426507e-06,-7.285716492333449e-06,0.9418601989746094
0.13113346695899963,-0.04334448277950287,0.9554261565208435
0.07910971343517303,-0.12100976705551147,0.4758604168891907
0.03910459578037262,-0.23915600776672363,0.03465038537979126
-0.13113467395305634,0.04333547130227089,0.9282413125038147
-0.1510888934135437,-0.045755475759506226,0.4533875584602356
-0.1721990406513214,-0.15887105464935303,0.00797414779663086
-0.03294812887907028,-0.06632860004901886,1.1920719146728516
-0.014420336112380028,-0.0036655962467193604,1.4439165592193604
0.010226182639598846,0.06979143619537354,1.5315356254577637
0.0019537024199962616,0.023550450801849365,1.6304543018341064
-0.13548272848129272,0.025547891855239868,1.3658806085586548
-0.2492068111896515,0.00907917320728302,1.0900440216064453
-0.2685490846633911,0.06585512310266495,0.8432515263557434
0.09984078258275986,-0.060259848833084106,1.3689117431640625
0.18501123785972595,-0.1360892653465271,1.0922847986221313
0.24527499079704285,-0.1006092056632042,0.8527323007583618
