1.9763388081628364e-06,-6.5830190578708425e-06,0.9418590664863586
0.1302880346775055,-0.04696517437696457,0.9548242688179016
0.07508303225040436,-0.1322857141494751,0.477560818195343
0.03244730830192566,-0.2551271319389343,0.038964033126831055
-0.1302897036075592,0.04695616289973259,0.9288429021835327
-0.15038642287254333,-0.04030647873878479,0.4540121555328369
-0.16824428737163544,-0.14718425273895264,0.00539243221282959
-0.029138753190636635,-0.06850503385066986,1.191760540008545
-0.006280740723013878,-0.0061935484409332275,1.4439105987548828
0.021472331136465073,0.07008570432662964,1.5273011922836304
0.014686163514852524,0.02752828598022461,1.630370855331421
-0.12736839056015015,0.025700777769088745,1.3665714263916016
-0.24233251810073853,0.011052519083023071,1.0906890630722046
-0.26479727029800415,0.06740923225879669,0.8444247841835022
0.10628718882799149,-0.0654367208480835,1.3694589138031006
0.18356004357337952,-0.14218536019325256,1.0925941467285156
0.23496395349502563,-0.10387583076953888,0.8500159978866577
