2.387009317317279e-06,-7.68773679737933e-06,0.9418603777885437
0.1321410834789276,-0.04302632063627243,0.9548695087432861
0.07814392447471619,-0.11793333292007446,0.4742605984210968
0.043560564517974854,-0.2385159134864807,0.03255242109298706
-0.1321420669555664,0.04301747679710388,0.9287976026535034
-0.14898918569087982,-0.04534876346588135,0.45251691341400146
-0.16993361711502075,-0.1606164574623108,0.007698655128479004
-0.03244075924158096,-0.06661824882030487,1.1920013427734375
-0.010429613292217255,-0.002012878656387329,1.44230055809021
0.015338003635406494,0.073417067527771,1.525275707244873
0.009631618857383728,0.032505154609680176,1.6278486251831055
-0.13230153918266296,0.026235252618789673,1.3655357360839844
-0.24274608492851257,0.007221713662147522,1.0880411863327026
-0.26059064269065857,0.0605139322578907,0.8408083319664001
0.10376999527215958,-0.058232903480529785,1.3674471378326416
0.1857253909111023,-0.13330131769180298,1.0887686014175415
0.2392055094242096,-0.0969005823135376,0.8460937738418579
