1.55801262735622e-06,-7.36138281354215e-06,0.9418609142303467
0.131224125623703,-0.04035566374659538,0.9549679756164551
0.07998760044574738,-0.1177484393119812,0.4749350845813751
0.04116514325141907,-0.2395085096359253,0.034456074237823486
-0.1312255561351776,0.040346451103687286,0.9286999106407166
-0.14924901723861694,-0.04864317178726196,0.45299285650253296
-0.17223171889781952,-0.1672496795654297,0.010029375553131104
-0.02982436865568161,-0.06559121608734131,1.1922601461410522
-0.01250392571091652,-0.0042181313037872314,1.4446455240249634
0.0120709128677845,0.0686577558517456,1.5320491790771484
0.00383114255964756,0.020724773406982422,1.629828691482544
-0.13419495522975922,0.02066802978515625,1.3664090633392334
-0.24800002574920654,-0.003285452723503113,1.090213418006897
-0.2841758131980896,0.05364223197102547,0.8482472896575928
0.10336145013570786,-0.057541489601135254,1.3711178302764893
0.19281378388404846,-0.13326093554496765,1.0963987112045288
0.2576095461845398,-0.09920008480548859,0.8567589521408081
