1.7049860616680235e-06,-8.35950231703464e-06,0.9418635368347168
0.1292324662208557,-0.04542598873376846,0.9550139307975769
0.07709427177906036,-0.11747974157333374,0.47344735264778137
0.036550164222717285,-0.23481839895248413,0.03012096881866455
-0.12923359870910645,0.045418012887239456,0.9286538362503052
-0.15391868352890015,-0.038251280784606934,0.45079612731933594
-0.17944078147411346,-0.14533978700637817,0.003939390182495117
-0.034315161406993866,-0.06520244479179382,1.1913836002349854
-0.016623446717858315,0.0007467567920684814,1.4413336515426636
0.009871885180473328,0.07167977094650269,1.5284541845321655
0.000672515481710434,0.026958823204040527,1.6276605129241943
-0.13701097667217255,0.02922135591506958,1.3608431816101074
-0.2527967095375061,0.010319560766220093,1.0849400758743286
-0.2924697995185852,0.07184767723083496,0.8426933288574219
0.09707150608301163,-0.05575627088546753,1.365238070487976
0.1842244565486908,-0.131895512342453,1.08884859085083
0.260341614484787,-0.10539548844099045,0.8487508893013
