1.9959493329224642e-06,-7.064163582981564e-06,0.9418594837188721
0.13108950853347778,-0.043256863951683044,0.9541301131248474
0.07814499735832214,-0.1195254921913147,0.4739919602870941
0.03921833634376526,-0.2440434694290161,0.03486907482147217
-0.13109076023101807,0.04324828460812569,0.9295374751091003
-0.1500720977783203,-0.04339796304702759,0.4522855281829834
-0.17010687291622162,-0.15132808685302734,0.003608107566833496
-0.028668850660324097,-0.06770135462284088,1.1924221515655518
-0.004262687638401985,-0.0019345283508300781,1.4415308237075806
0.02063201181590557,0.07600438594818115,1.5202136039733887
0.016936801373958588,0.03971731662750244,1.6266969442367554
-0.1266433596611023,0.025395900011062622,1.3667749166488647
-0.2422139048576355,0.0049138665199279785,1.0917305946350098
-0.27058595418930054,0.06055321544408798,0.8465977907180786
0.10943738371133804,-0.057817935943603516,1.3658227920532227
0.1923992782831192,-0.134196937084198,1.0877690315246582
0.2549108564853668,-0.10143740475177765,0.8472623229026794
