1.7424890756956302e-06,-7.456072125933133e-06,0.9418608546257019
0.13225919008255005,-0.03898683190345764,0.9545697569847107
0.07352626323699951,-0.11691349744796753,0.47532281279563904
0.03862042725086212,-0.24098318815231323,0.03510701656341553
-0.13226023316383362,0.038978055119514465,0.9290975332260132
-0.15169957280158997,-0.04486304521560669,0.45294174551963806
-0.1720854938030243,-0.16547149419784546,0.011938929557800293
-0.030499890446662903,-0.06749162077903748,1.191710114479065
-0.009649770334362984,-0.0018802285194396973,1.4426581859588623
0.01564617082476616,0.07192069292068481,1.5298258066177368
0.0080565195530653,0.027040064334869385,1.6294529438018799
-0.13114792108535767,0.02238890528678894,1.3661458492279053
-0.24413339793682098,0.0018008798360824585,1.0895687341690063
-0.2673216462135315,0.056496813893318176,0.8413097858428955
0.10422880947589874,-0.053604960441589355,1.3662676811218262
0.18378585577011108,-0.12308935821056366,1.084883689880371
0.22928765416145325,-0.08272534608840942,0.8430461883544922
