2.602872427814873e-06,-6.120995749370195e-06,0.9418578743934631
0.13087637722492218,-0.0422307625412941,0.9524505138397217
0.05694543570280075,-0.11355322599411011,0.47256937623023987
0.004351481795310974,-0.22457671165466309,0.02816951274871826
-0.13087791204452515,0.04222285747528076,0.9312163591384888
-0.1725648194551468,-0.0281238853931427,0.4535296857357025
-0.21577206254005432,-0.132502019405365,0.008053898811340332
-0.0248757004737854,-0.0714743584394455,1.192073106765747
-0.005953669548034668,0.00417482852935791,1.4396659135818481
0.023114223033189774,0.09260642528533936,1.5061333179473877
0.020718714222311974,0.07322108745574951,1.6231586933135986
-0.12276442348957062,0.03380715847015381,1.3579134941101074
-0.22262920439243317,0.023769766092300415,1.0768171548843384
-0.20198839902877808,0.07666271924972534,0.8300760388374329
0.1061924397945404,-0.05630028247833252,1.3710439205169678
0.18393248319625854,-0.13883253931999207,1.0975942611694336
0.21594594419002533,-0.09367424249649048,0.8568260669708252
