2.307351678609848e-06,-6.999358447501436e-06,0.9418596029281616
0.12989363074302673,-0.04775383323431015,0.9565750360488892
0.07653588056564331,-0.12630826234817505,0.4774097502231598
0.04218794405460358,-0.24844151735305786,0.03681313991546631
-0.12989462912082672,0.047745753079652786,0.9270926713943481
-0.1455191969871521,-0.040542423725128174,0.4511232376098633
-0.16515898704528809,-0.15332424640655518,0.005376160144805908
-0.03572200983762741,-0.06807480752468109,1.1917206048965454
-0.0076622124761343,-0.00721171498298645,1.4423235654830933
0.021408211439847946,0.06724727153778076,1.52699875831604
0.015942340716719627,0.023380041122436523,1.6290886402130127
-0.1274055540561676,0.028968989849090576,1.364952564239502
-0.23930557072162628,0.021748915314674377,1.0874346494674683
-0.253883421421051,0.08107244223356247,0.8398534059524536
0.10315198451280594,-0.06850075721740723,1.3660578727722168
0.18734245002269745,-0.14568449556827545,1.0883898735046387
0.25109735131263733,-0.10964570194482803,0.8486490845680237
