1.9007047740160488e-06,-7.047661711112596e-06,0.941860020160675
0.12954318523406982,-0.049868978559970856,0.9560799598693848
0.07740992307662964,-0.12706518173217773,0.4754020869731903
0.03525248169898987,-0.24978238344192505,0.03739994764328003
-0.1295449435710907,0.049859825521707535,0.9275879859924316
-0.14360886812210083,-0.03914991021156311,0.45197147130966187
-0.16410326957702637,-0.152826726436615,0.005724310874938965
-0.034754544496536255,-0.06516191363334656,1.1924628019332886
-0.006930014118552208,-0.006670057773590088,1.4438692331314087
0.02342342585325241,0.06684112548828125,1.5285029411315918
0.016814086586236954,0.021842241287231445,1.6288708448410034
-0.1272713840007782,0.03147470951080322,1.366891622543335
-0.2425238937139511,0.02245563268661499,1.0905107259750366
-0.266538143157959,0.08446568995714188,0.8466511964797974
0.10373034328222275,-0.07131150364875793,1.3689501285552979
0.18743565678596497,-0.15660879015922546,1.0948840379714966
0.256990909576416,-0.12438520789146423,0.8542625904083252
