2.806410975608742e-06,-5.845045961905271e-06,0.9418563842773438
0.13298124074935913,-0.04152604192495346,0.9513028264045715
0.05764143913984299,-0.11391818523406982,0.4726482927799225
0.005396842956542969,-0.22960388660430908,0.030464887619018555
-0.1329832673072815,0.04151751101016998,0.9323633909225464
-0.16817530989646912,-0.017784714698791504,0.4549098014831543
-0.21030093729496002,-0.11008048057556152,0.0038033723831176758
-0.018047358840703964,-0.07064826786518097,1.194546103477478
0.0012642759829759598,0.009099423885345459,1.4381647109985352
0.03176099434494972,0.1074676513671875,1.492178201675415
0.03607918322086334,0.10191702842712402,1.6123480796813965
-0.12016835808753967,0.03355532884597778,1.3616962432861328
-0.23184818029403687,0.01216655969619751,1.086733341217041
-0.24007633328437805,0.06500562280416489,0.8375065922737122
0.11615056544542313,-0.049369484186172485,1.3679183721542358
0.19073191285133362,-0.132644385099411,1.0961376428604126
0.21689721941947937,-0.0889882892370224,0.8546656370162964
