2.486874564056052e-06,-7.263497536769137e-06,0.9418599009513855
0.12966160476207733,-0.05062500387430191,0.9560421705245972
0.07453219592571259,-0.13165909051895142,0.4783019721508026
0.03022506833076477,-0.25151002407073975,0.038500189781188965
-0.12966328859329224,0.05061604082584381,0.9276250004768372
-0.14672687649726868,-0.03704017400741577,0.4524785876274109
-0.17098289728164673,-0.1456117033958435,0.00593876838684082
-0.03438075631856918,-0.06698590517044067,1.1920394897460938
-0.009815104305744171,-0.0038056373596191406,1.4430702924728394
0.018036531284451485,0.0711938738822937,1.5286650657653809
0.007869280874729156,0.027114033699035645,1.6288321018218994
-0.12976932525634766,0.03285965323448181,1.364065408706665
-0.23858225345611572,0.02081039547920227,1.0853075981140137
-0.24794992804527283,0.07655106484889984,0.8372322916984558
0.1019216924905777,-0.06703132390975952,1.3697700500488281
0.17624464631080627,-0.14825187623500824,1.0928597450256348
0.22866374254226685,-0.11303739994764328,0.8492679595947266
