2.9722896215389483e-06,-7.348757208092138e-06,0.9418599605560303
0.1304471790790558,-0.04956773295998573,0.9556194543838501
0.07505932450294495,-0.13137340545654297,0.476967990398407
0.03173929452896118,-0.2574923038482666,0.040416836738586426
-0.13044854998588562,0.04955872520804405,0.9280478358268738
-0.14313678443431854,-0.04061245918273926,0.4533771872520447
-0.16529659926891327,-0.15406882762908936,0.007502555847167969
-0.03570559620857239,-0.06797830760478973,1.1918607950210571
-0.012165011838078499,-0.0017693042755126953,1.4421472549438477
0.016534313559532166,0.07242870330810547,1.528571605682373
0.006993111222982407,0.031008780002593994,1.630417823791504
-0.1311984360218048,0.03434717655181885,1.363081932067871
-0.23330944776535034,0.026648014783859253,1.081437349319458
-0.23278316855430603,0.08040401339530945,0.8315846920013428
0.0994226336479187,-0.06411969661712646,1.3673670291900635
0.17330944538116455,-0.13745111227035522,1.0872398614883423
0.21678483486175537,-0.09590277075767517,0.8439974784851074
