1.9759045244427398e-06,-6.883232344989665e-06,0.941859781742096
0.12940524518489838,-0.05026521161198616,0.9563740491867065
0.07600261270999908,-0.13098585605621338,0.4784211218357086
0.030887633562088013,-0.25028717517852783,0.03803908824920654
-0.1294071525335312,0.05025579035282135,0.9272933602333069
-0.14533564448356628,-0.032498180866241455,0.4508647918701172
-0.17141616344451904,-0.13981586694717407,0.003278374671936035
-0.034739747643470764,-0.06501695513725281,1.1919405460357666
-0.008717013522982597,-0.004778146743774414,1.4435585737228394
0.021089885383844376,0.06794100999832153,1.5290226936340332
0.011138103902339935,0.02298837900161743,1.6281931400299072
-0.12893009185791016,0.03169453144073486,1.365987777709961
-0.24190664291381836,0.01879209280014038,1.0895402431488037
-0.2596220374107361,0.07419498264789581,0.8427007794380188
0.10228809714317322,-0.06839153170585632,1.3693790435791016
0.18133848905563354,-0.15186795592308044,1.0937367677688599
0.2417580485343933,-0.11928581446409225,0.852479875087738
