1.6947456060734112e-06,-7.653065040358342e-06,0.9418624639511108
0.129908949136734,-0.044325701892375946,0.9556780457496643
0.07527771592140198,-0.11590194702148438,0.4746149778366089
0.0379306823015213,-0.2369081974029541,0.03325372934341431
-0.12991026043891907,0.04431706666946411,0.9279897809028625
-0.14999449253082275,-0.04581516981124878,0.451966255903244
-0.179933100938797,-0.16050010919570923,0.008048057556152344
-0.036027707159519196,-0.06326180696487427,1.1917251348495483
-0.01630537211894989,-0.0014829933643341064,1.443023681640625
0.008708469569683075,0.06986820697784424,1.5311064720153809
0.0014030467718839645,0.022120773792266846,1.6280176639556885
-0.13772515952587128,0.02880379557609558,1.3662668466567993
-0.2539096474647522,0.011849164962768555,1.0912705659866333
-0.28274059295654297,0.07420693337917328,0.8465175032615662
0.0977630764245987,-0.05886170268058777,1.3668556213378906
0.18733707070350647,-0.13890744745731354,1.0924386978149414
0.2626032829284668,-0.11168546974658966,0.853827714920044
