2.398509423073847e-06,-7.971739250933751e-06,0.9418618679046631
0.12908124923706055,-0.04877471178770065,0.9549669623374939
0.07232838869094849,-0.1251600980758667,0.4749845564365387
0.023002997040748596,-0.24218231439590454,0.034075021743774414
-0.12908318638801575,0.04876546561717987,0.9287006258964539
-0.15179508924484253,-0.03167799115180969,0.45195579528808594
-0.1760353296995163,-0.1392919421195984,0.004734337329864502
-0.033270712941884995,-0.06349068880081177,1.1924641132354736
-0.011898552998900414,-0.0007853806018829346,1.4434888362884521
0.01612735167145729,0.07221198081970215,1.5288522243499756
0.006020162254571915,0.027848899364471436,1.6287598609924316
-0.13231125473976135,0.03234216570854187,1.3655037879943848
-0.24929392337799072,0.018251240253448486,1.090058445930481
-0.27545222640037537,0.07731692492961884,0.845414400100708
0.1005692407488823,-0.06185781955718994,1.368098497390747
0.1859317421913147,-0.14588071405887604,1.093018651008606
0.25557175278663635,-0.11603061109781265,0.8524630665779114
