1.654885181778809e-06,-7.323407771764323e-06,0.9418599605560303
0.13185247778892517,-0.042384468019008636,0.9533576965332031
0.07918086647987366,-0.12039870023727417,0.47135013341903687
0.04579891264438629,-0.2463703155517578,0.03143584728240967
-0.13185358047485352,0.04237633943557739,0.9303092360496521
-0.14995266497135162,-0.04672151803970337,0.45237505435943604
-0.1605355441570282,-0.15337342023849487,0.0025826692581176758
-0.027618739753961563,-0.07326172292232513,1.190674066543579
-0.006534956395626068,-0.007702171802520752,1.4413261413574219
0.01737315207719803,0.0684235692024231,1.5248819589614868
0.011117355898022652,0.027330994606018066,1.6263642311096191
-0.12842422723770142,0.021758556365966797,1.3635714054107666
-0.24403469264507294,0.0055785030126571655,1.0871143341064453
-0.26451873779296875,0.06384293735027313,0.8422228693962097
0.10764256119728088,-0.06396868824958801,1.3662675619125366
0.1937243640422821,-0.13783694803714752,1.0882662534713745
0.24890395998954773,-0.09531646966934204,0.8461357355117798
