2.495806256774813e-06,-7.454134902218357e-06,0.9418603777885437
0.13392819464206696,-0.040096644312143326,0.9557883143424988
0.08379721641540527,-0.11233901977539062,0.47456419467926025
0.054598018527030945,-0.23548340797424316,0.035115957260131836
-0.13392868638038635,0.04008813202381134,0.9278793334960938
-0.1396373212337494,-0.05473664402961731,0.4521971642971039
-0.14947481453418732,-0.17403006553649902,0.008458733558654785
-0.027890875935554504,-0.07113038003444672,1.1921888589859009
-0.004721255972981453,-0.006463944911956787,1.441638469696045
0.027506766840815544,0.07008469104766846,1.5232369899749756
0.02199835143983364,0.03105473518371582,1.6273083686828613
-0.12698256969451904,0.023673653602600098,1.3634428977966309
-0.2354661524295807,0.00791814923286438,1.0845848321914673
-0.2527143061161041,0.06392532587051392,0.8357304334640503
0.1090545803308487,-0.06413346529006958,1.3680434226989746
0.18010669946670532,-0.13715974986553192,1.0866111516952515
0.2252817451953888,-0.09649477899074554,0.8479417562484741
