1.7865650079329498e-06,-7.085231118253432e-06,0.9418599605560303
0.1308898776769638,-0.04289715364575386,0.9543869495391846
0.08107946813106537,-0.11833792924880981,0.4742119014263153
0.047637030482292175,-0.2371128797531128,0.03262889385223389
-0.13089126348495483,0.04288899153470993,0.929280698299408
-0.1476466953754425,-0.04583865404129028,0.4522058665752411
-0.16566526889801025,-0.15651178359985352,0.005077481269836426
-0.026394804939627647,-0.06919434666633606,1.1920863389968872
-0.0033912211656570435,-0.004734009504318237,1.4430756568908691
0.0222051702439785,0.07345962524414062,1.5260815620422363
0.01311621256172657,0.029792606830596924,1.6279988288879395
-0.12460757791996002,0.024825632572174072,1.3648730516433716
-0.23777708411216736,0.008074402809143066,1.089537262916565
-0.253692090511322,0.0648888349533081,0.8429569005966187
0.10947538912296295,-0.06211164593696594,1.3686950206756592
0.18945923447608948,-0.14227256178855896,1.0931494235992432
0.24837294220924377,-0.10942602902650833,0.85267573595047
