1.8427776922180783e-06,-6.965421562199481e-06,0.9418601989746094
0.13004256784915924,-0.0467805489897728,0.9549087285995483
0.07470376789569855,-0.1307680904865265,0.4775064289569855
0.03276343643665314,-0.2517228126525879,0.03729468584060669
-0.13004425168037415,0.04677191004157066,0.9287586212158203
-0.15089944005012512,-0.04088252782821655,0.4537500739097595
-0.17071078717708588,-0.14727067947387695,0.0055602192878723145
-0.03072080761194229,-0.06875073909759521,1.1916491985321045
-0.007622728124260902,-0.008361190557479858,1.4443223476409912
0.018690351396799088,0.06458210945129395,1.5304069519042969
0.010352462530136108,0.019127368927001953,1.630223274230957
-0.1297304630279541,0.023292511701583862,1.3671424388885498
-0.24644187092781067,0.0075774043798446655,1.0917201042175293
-0.27750152349472046,0.06844514608383179,0.8481049537658691
0.1056293398141861,-0.0674348771572113,1.3690098524093628
0.18439359962940216,-0.1486898958683014,1.0934189558029175
0.2553917169570923,-0.11995389312505722,0.8505904078483582
