2.114251401508227e-06,-7.370803359663114e-06,0.9418606162071228
0.13196992874145508,-0.04244428500533104,0.9560819268226624
0.08382248878479004,-0.1166093647480011,0.4745495915412903
0.051988184452056885,-0.2429315447807312,0.03635847568511963
-0.13197088241577148,0.04243595153093338,0.9275858402252197
-0.14296025037765503,-0.05120265483856201,0.4509691894054413
-0.15404818952083588,-0.16864848136901855,0.005733370780944824
-0.02880663424730301,-0.07113626599311829,1.191684365272522
-0.004630573093891144,-0.007255375385284424,1.4416756629943848
0.025034138932824135,0.06672000885009766,1.5249382257461548
0.01891488954424858,0.02663975954055786,1.627657413482666
-0.12558838725090027,0.024058550596237183,1.3636431694030762
-0.2395067662000656,0.011986762285232544,1.08634614944458
-0.2645666003227234,0.07195322215557098,0.8387983441352844
0.10799174010753632,-0.06579780578613281,1.3670134544372559
0.19251760840415955,-0.14042632281780243,1.0882550477981567
0.2525178790092468,-0.10282186418771744,0.8499228358268738
