1.8622431525727734e-06,-7.430733603541739e-06,0.9418609738349915
0.12950097024440765,-0.048518091440200806,0.9550048112869263
0.07036449015140533,-0.1266651153564453,0.4755147099494934
0.026601746678352356,-0.24943512678146362,0.036411166191101074
-0.12950220704078674,0.04850952327251434,0.9286627173423767
-0.1488361656665802,-0.03682020306587219,0.4534439742565155
-0.180284321308136,-0.15012609958648682,0.010114014148712158
-0.03251715376973152,-0.06728428602218628,1.1913208961486816
-0.00953536294400692,-0.00300443172454834,1.4423508644104004
0.016912005841732025,0.07095849514007568,1.5301631689071655
0.007908152416348457,0.02584439516067505,1.6290009021759033
-0.12925058603286743,0.03056514263153076,1.36433744430542
-0.24265539646148682,0.019888117909431458,1.0866423845291138
-0.26110267639160156,0.07403881102800369,0.8368574380874634
0.1010928750038147,-0.06323516368865967,1.3664566278457642
0.17802977561950684,-0.1380588263273239,1.085417628288269
0.2233770489692688,-0.09771990031003952,0.8442609906196594
