2.4072824089671485e-06,-5.611254891846329e-06,0.9418562054634094
0.1328181028366089,-0.041616760194301605,0.9514135122299194
0.05634685605764389,-0.11358988285064697,0.4723151922225952
0.0032901018857955933,-0.22890931367874146,0.030018925666809082
-0.13282009959220886,0.041608523577451706,0.9322525262832642
-0.16859623789787292,-0.01882031559944153,0.4551284909248352
-0.21252240240573883,-0.11076211929321289,0.003909409046173096
-0.019601449370384216,-0.07095204293727875,1.1943542957305908
-0.0010064151138067245,0.008362829685211182,1.4385281801223755
0.02966974303126335,0.10650408267974854,1.4932767152786255
0.03383670002222061,0.10030066967010498,1.6130445003509521
-0.12197867035865784,0.033496201038360596,1.3613171577453613
-0.23175925016403198,0.013767912983894348,1.0853285789489746
-0.2365981638431549,0.06718041002750397,0.8361983895301819
0.11384201049804688,-0.05036818981170654,1.3689069747924805
0.190123051404953,-0.13310471177101135,1.0967814922332764
0.21929079294204712,-0.0902172103524208,0.8559067249298096
