2.3497950678574853e-06,-6.993022907408886e-06,0.9418596029281616
0.1310233473777771,-0.046035848557949066,0.9552834033966064
0.07608205080032349,-0.13281068205833435,0.47780218720436096
0.02974143624305725,-0.2546732425689697,0.03940093517303467
-0.1310250461101532,0.04602674022316933,0.9283838868141174
-0.15049603581428528,-0.041851162910461426,0.45410382747650146
-0.17081809043884277,-0.15474748611450195,0.008017182350158691
-0.031811609864234924,-0.06734885275363922,1.1920750141143799
-0.008271826431155205,-0.004994064569473267,1.4439289569854736
0.018590888008475304,0.06963306665420532,1.5303740501403809
0.010095305740833282,0.023911714553833008,1.6305723190307617
-0.12931495904922485,0.027531474828720093,1.3658926486968994
-0.23843830823898315,0.014821186661720276,1.087484359741211
-0.24882107973098755,0.06916145980358124,0.8380658626556396
0.10518969595432281,-0.06466197967529297,1.3705227375030518
0.18553170561790466,-0.14145730435848236,1.0938502550125122
0.2358626127243042,-0.1017007902264595,0.8524928092956543
