2.5930662559403572e-06,-6.958709491300397e-06,0.9418590068817139
0.13093461096286774,-0.046598248183727264,0.9550649523735046
0.07443374395370483,-0.1299457550048828,0.47715675830841064
0.03424055874347687,-0.25093626976013184,0.03725457191467285
-0.13093623518943787,0.046589601784944534,0.9286020994186401
-0.1502261608839035,-0.04240608215332031,0.4541298747062683
-0.1659529209136963,-0.15037107467651367,0.0055391788482666016
-0.030540363863110542,-0.0667416900396347,1.1919825077056885
-0.006629562005400658,-0.002044588327407837,1.4431209564208984
0.02212701365351677,0.07179248332977295,1.528484582901001
0.014190251007676125,0.028305530548095703,1.6288073062896729
-0.1279994696378708,0.029902160167694092,1.3659573793411255
-0.23701396584510803,0.011971697211265564,1.086329460144043
-0.2508566975593567,0.0656362995505333,0.8399173021316528
0.10661913454532623,-0.06180989742279053,1.3690135478973389
0.1795678436756134,-0.13868257403373718,1.0897369384765625
0.22703975439071655,-0.09970495104789734,0.8461092710494995
