2.2640965653408784e-06,-8.197641363949515e-06,0.9418625235557556
0.12954168021678925,-0.04883148521184921,0.9555225968360901
0.07620921730995178,-0.12618714570999146,0.4757104218006134
0.03331063687801361,-0.2467564344406128,0.03583252429962158
-0.12954357266426086,0.04882274940609932,0.9281450510025024
-0.14685918390750885,-0.03682956099510193,0.4518761932849884
-0.16553378105163574,-0.1462540626525879,0.004118442535400391
-0.03149592503905296,-0.06586863100528717,1.1919118165969849
-0.00776161253452301,-0.00407072901725769,1.4429947137832642
0.01882997900247574,0.06747281551361084,1.5324368476867676
0.006867498159408569,0.018860220909118652,1.6281514167785645
-0.12828686833381653,0.030373215675354004,1.363633632659912
-0.23802784085273743,0.013810396194458008,1.0848804712295532
-0.26048406958580017,0.07020008563995361,0.8388547301292419
0.10543037205934525,-0.06588244438171387,1.3681199550628662
0.1915418803691864,-0.146415576338768,1.092022180557251
0.26063376665115356,-0.11380763351917267,0.8521144390106201
