2.245213181595318e-06,-5.817555575049482e-06,0.9418565034866333
0.13256916403770447,-0.03847839683294296,0.9519404172897339
0.06026541441679001,-0.11323708295822144,0.4731665849685669
0.011903464794158936,-0.22861456871032715,0.030239462852478027
-0.13257081806659698,0.038470834493637085,0.9317260384559631
-0.16751974821090698,-0.026935875415802002,0.4542606472969055
-0.20373393595218658,-0.12750422954559326,0.00566333532333374
-0.021156800910830498,-0.07108946144580841,1.1929924488067627
0.0028700968250632286,0.004697233438491821,1.4411007165908813
0.030649639666080475,0.09021806716918945,1.511293649673462
0.02955823950469494,0.06728357076644897,1.626889944076538
-0.11876033246517181,0.02605190873146057,1.362467885017395
-0.22980085015296936,0.004137322306632996,1.0853331089019775
-0.24287180602550507,0.05530814081430435,0.8354962468147278
0.11696986109018326,-0.0493507981300354,1.367501974105835
0.19953572750091553,-0.12179385870695114,1.089858889579773
0.2314484417438507,-0.07175115495920181,0.8477643728256226
