2.2687149794364814e-06,-7.492793884011917e-06,0.9418606162071228
0.12812823057174683,-0.050080426037311554,0.9564334154129028
0.07645335793495178,-0.1280519962310791,0.4767383635044098
0.03395429253578186,-0.24750620126724243,0.03581047058105469
-0.12813031673431396,0.050071120262145996,0.9272343516349792
-0.14792796969413757,-0.0367695689201355,0.451203316450119
-0.167516827583313,-0.14682984352111816,0.0041697025299072266
-0.035661421716213226,-0.06361842155456543,1.1923454999923706
-0.011560667306184769,-0.0042424798011779785,1.4441494941711426
0.017151910811662674,0.06742334365844727,1.5308696031570435
0.007831418886780739,0.02037978172302246,1.628549575805664
-0.13075779378414154,0.03231605887413025,1.3674888610839844
-0.24300003051757812,0.01955665647983551,1.0910348892211914
-0.2658810615539551,0.07819421589374542,0.8453399538993835
0.09905704855918884,-0.06778043508529663,1.3686466217041016
0.1840474009513855,-0.15361319482326508,1.0950791835784912
0.25619566440582275,-0.12314626574516296,0.8549500703811646
