2.7400128601584584e-06,-7.057509719743393e-06,0.9418593645095825
0.13101664185523987,-0.047022394835948944,0.9549866318702698
0.07456691563129425,-0.13001585006713867,0.47672006487846375
0.03405369818210602,-0.25115644931793213,0.037195444107055664
-0.13101822137832642,0.047013651579618454,0.928680419921875
-0.14776544272899628,-0.04163408279418945,0.4536959230899811
-0.16441404819488525,-0.14995849132537842,0.005260586738586426
-0.03075385093688965,-0.06651356816291809,1.1919382810592651
-0.006221882998943329,-0.0011971592903137207,1.442439079284668
0.023494964465498924,0.07286489009857178,1.5265932083129883
0.015666168183088303,0.031035661697387695,1.6278979778289795
-0.12743717432022095,0.031170696020126343,1.3655595779418945
-0.2356722354888916,0.01410047709941864,1.0860768556594849
-0.24484121799468994,0.06649322807788849,0.8379837274551392
0.10659198462963104,-0.061492860317230225,1.3683953285217285
0.17793643474578857,-0.13856413960456848,1.088638424873352
0.2245752215385437,-0.09933587908744812,0.8442205786705017
