1.6084404705907218e-06,-8.252172847278416e-06,0.937827467918396
0.13661743700504303,-0.03014414571225643,0.9555388689041138
0.12155500054359436,-0.09922906756401062,0.47339877486228943
0.12460710108280182,-0.2384631633758545,0.03260540962219238
-0.13661740720272064,0.03013385273516178,0.9200570583343506
-0.15573346614837646,-0.056237757205963135,0.44223302602767944
-0.1834614872932434,-0.17878443002700806,0.0026287436485290527
-0.02383875474333763,-0.07228809595108032,1.1852712631225586
-0.015421256422996521,-0.004231929779052734,1.434857726097107
0.00964086502790451,0.07276904582977295,1.5191975831985474
0.007077289745211601,0.03019118309020996,1.6191681623458862
-0.1334860622882843,0.013606071472167969,1.3485528230667114
-0.23065581917762756,-0.005751699209213257,1.063967227935791
-0.2397780418395996,0.04537617415189743,0.8125125765800476
0.101792111992836,-0.049164384603500366,1.3636760711669922
0.18275226652622223,-0.10225120186805725,1.084307074546814
0.20846489071846008,-0.046523481607437134,0.8414551019668579
