1.72255931829568e-06,-9.000821592053398e-06,0.9378278851509094
0.13396531343460083,-0.03818197548389435,0.9567750096321106
0.13168951869010925,-0.08995470404624939,0.4728071093559265
0.13651932775974274,-0.23936641216278076,0.038734495639801025
-0.13396590948104858,0.038170162588357925,0.918820858001709
-0.1508745700120926,-0.04511377215385437,0.44245803356170654
-0.1740817427635193,-0.18178826570510864,0.006023049354553223
-0.03428073227405548,-0.06731781363487244,1.1865476369857788
-0.01395188458263874,-0.002643972635269165,1.4344593286514282
0.01313493400812149,0.07653582096099854,1.5169090032577515
0.010353796184062958,0.03709423542022705,1.6195305585861206
-0.13038039207458496,0.02671945095062256,1.354292392730713
-0.23511111736297607,0.019326239824295044,1.0753846168518066
-0.22069257497787476,0.07831957191228867,0.8229241371154785
0.09863688051700592,-0.05858278274536133,1.3579866886138916
0.18738867342472076,-0.12280453741550446,1.084149956703186
0.24311664700508118,-0.07058031111955643,0.8474380373954773
