1.5322857507271692e-06,-8.186400009435602e-06,0.9378267526626587
0.1365235447883606,-0.03095356374979019,0.9558472037315369
0.12486299872398376,-0.09953498840332031,0.4738234281539917
0.13084080815315247,-0.24132585525512695,0.03377598524093628
-0.1365235447883606,0.030943136662244797,0.9197483658790588
-0.15490901470184326,-0.05799415707588196,0.4410698711872101
-0.18166783452033997,-0.18211477994918823,0.0023603439331054688
-0.02469797059893608,-0.07199953496456146,1.1853752136230469
-0.012409351766109467,-0.005848020315170288,1.4352800846099854
0.011015091091394424,0.07261782884597778,1.5195167064666748
0.009179571643471718,0.029385626316070557,1.6201986074447632
-0.13157865405082703,0.01372462511062622,1.3507901430130005
-0.23414087295532227,-0.0038351118564605713,1.0681400299072266
-0.24708116054534912,0.0501924529671669,0.8183048367500305
0.10377569496631622,-0.05209439992904663,1.3618745803833008
0.18244366347789764,-0.10556384921073914,1.0811480283737183
0.20908895134925842,-0.0489865243434906,0.8374579548835754
