-1.1724278010660782e-06,-8.959683327702805e-06,0.6099803447723389
0.1296582818031311,-0.034592676907777786,0.6101421117782593
0.22868269681930542,0.24003422260284424,0.42914801836013794
0.1715417504310608,0.07022935152053833,0.011973738670349121
-0.12965768575668335,0.034585580229759216,0.609757125377655
-0.04983976483345032,0.3148934245109558,0.43730777502059937
-0.0921257883310318,0.164378821849823,0.008975803852081299
0.006814112886786461,-0.045047253370285034,0.8373883366584778
0.01912119798362255,0.019136011600494385,1.0852868556976318
0.038941945880651474,0.0900009274482727,1.160765528678894
0.007516629993915558,0.04468941688537598,1.2522352933883667
-0.1007208302617073,0.051444798707962036,1.0109491348266602
-0.16109168529510498,0.1144275814294815,0.7480840682983398
-0.03781910240650177,0.2597077488899231,0.76505446434021
0.1384458839893341,-0.029956042766571045,1.021139144897461
0.23418450355529785,-0.037632524967193604,0.7647925615310669
0.18895858526229858,0.18123383820056915,0.7803552150726318
