1.1106076271971688e-06,-1.0032983482233249e-05,0.6099820137023926
0.13015972077846527,-0.03456919640302658,0.6121076345443726
0.23073911666870117,0.2362251579761505,0.44047755002975464
0.1734233796596527,0.06925392150878906,0.020608842372894287
-0.13016000390052795,0.034561652690172195,0.607793390750885
-0.04090885818004608,0.31692519783973694,0.4502972364425659
-0.08144348859786987,0.17364710569381714,0.017179906368255615
0.003953773528337479,-0.04654937982559204,0.8386868238449097
-0.01850508525967598,0.02522575855255127,1.0840654373168945
-0.04000602662563324,0.09867417812347412,1.1523144245147705
-0.09833265841007233,0.05732613801956177,1.2366642951965332
-0.1315164566040039,0.054972440004348755,0.9991721510887146
-0.14678530395030975,0.13358566164970398,0.7340801954269409
-0.029859736561775208,0.2651611864566803,0.7565481662750244
0.113437719643116,-0.018396198749542236,1.039367437362671
0.23947317898273468,-0.01843339204788208,0.8043035268783569
0.19439657032489777,0.19816502928733826,0.7964389324188232
