-1.0993389878422022e-06,-9.00334089237731e-06,0.6099801659584045
0.1291055828332901,-0.03475750610232353,0.6098210215568542
0.22891344130039215,0.24062854051589966,0.4303205609321594
0.17261222004890442,0.07711821794509888,0.011622369289398193
-0.1291048526763916,0.03475070372223854,0.6100782752037048
-0.04747289419174194,0.3151514232158661,0.4391176700592041
-0.09150780737400055,0.1649911105632782,0.01248854398727417
0.0052544791251420975,-0.045044779777526855,0.8366758823394775
0.027742259204387665,0.01784387230873108,1.084133505821228
0.055079661309719086,0.08871930837631226,1.158998966217041
0.028812997043132782,0.03949105739593506,1.2508574724197388
-0.09447608888149261,0.051712632179260254,1.0134292840957642
-0.16179177165031433,0.11690947413444519,0.7540549039840698
-0.03157977759838104,0.26053887605667114,0.7759109735488892
0.14472892880439758,-0.03097224235534668,1.01523756980896
0.22919249534606934,-0.032307274639606476,0.7571612596511841
0.18792444467544556,0.18366821110248566,0.7840867638587952
