1.3584644875663798e-07,-9.732006219564937e-06,0.609980583190918
0.12933474779129028,-0.0354338176548481,0.6102085709571838
0.22453489899635315,0.23429475724697113,0.4316815137863159
0.16705363988876343,0.07349669933319092,0.011227130889892578
-0.12933316826820374,0.035428233444690704,0.6096915006637573
-0.04397200047969818,0.3183673322200775,0.4398835003376007
-0.0849304050207138,0.17288655042648315,0.010578155517578125
0.0065757278352975845,-0.04325459897518158,0.8372716903686523
0.02704007737338543,0.023350298404693604,1.0855021476745605
0.057635437697172165,0.08356726169586182,1.16867995262146
0.03263123705983162,0.026472628116607666,1.252307415008545
-0.09466230869293213,0.0608290433883667,1.0107591152191162
-0.14558038115501404,0.1343107968568802,0.749436616897583
-0.018666639924049377,0.25993722677230835,0.7948837280273438
0.14732038974761963,-0.026599228382110596,1.0183794498443604
0.23068025708198547,-0.030969396233558655,0.7607225179672241
0.20074161887168884,0.17963631451129913,0.7715059518814087
