1.5483083188883029e-06,-1.0925657988991588e-05,0.6099835634231567
0.130594402551651,-0.03547313064336777,0.6144837737083435
0.23121587932109833,0.23723070323467255,0.4428362250328064
0.17659804224967957,0.06480568647384644,0.022403597831726074
-0.13059520721435547,0.03546479716897011,0.6054178476333618
-0.03563731908798218,0.3213132619857788,0.44658857583999634
-0.07218252867460251,0.1799353063106537,0.010377228260040283
0.001072441227734089,-0.04073205590248108,0.8409855961799622
-0.03544909134507179,0.04263874888420105,1.0804667472839355
-0.06572172045707703,0.11794257164001465,1.1415033340454102
-0.12769603729248047,0.08556568622589111,1.2262017726898193
-0.14428579807281494,0.06805792450904846,0.9868526458740234
-0.14103788137435913,0.1397102326154709,0.7139481902122498
-0.03646458685398102,0.2603816092014313,0.7517231702804565
0.09859567880630493,-0.001410752534866333,1.0467312335968018
0.23089653253555298,-0.010884374380111694,0.8140215873718262
0.183511883020401,0.19815506041049957,0.7990537285804749
