1.366550350212492e-06,-1.0788307918119244e-05,0.6099836826324463
0.13035215437412262,-0.03568950667977333,0.6142472624778748
0.23193582892417908,0.2365381270647049,0.4424545168876648
0.1763884723186493,0.06494837999343872,0.02257627248764038
-0.1303529441356659,0.035681288689374924,0.6056544780731201
-0.0351874977350235,0.3215376138687134,0.44603031873703003
-0.07295186817646027,0.17955279350280762,0.009962677955627441
0.0017391778528690338,-0.04039353132247925,0.8408191204071045
-0.035425327718257904,0.042918771505355835,1.0805878639221191
-0.06549105048179626,0.11731940507888794,1.142282485961914
-0.12845444679260254,0.08448874950408936,1.2263587713241577
-0.14380687475204468,0.06860226392745972,0.9861581921577454
-0.14103353023529053,0.14016693830490112,0.7131314277648926
-0.03702157735824585,0.2598114013671875,0.7519950866699219
0.098305344581604,-0.001354128122329712,1.0476616621017456
0.23090001940727234,-0.009134754538536072,0.8156636953353882
0.18310558795928955,0.19994822144508362,0.8012969493865967
