-1.1325168998155277e-06,-8.968851034296677e-06,0.609980046749115
0.1291828751564026,-0.03467829152941704,0.6099650859832764
0.2283383011817932,0.24089385569095612,0.4298304319381714
0.1713290512561798,0.07691353559494019,0.01143336296081543
-0.12918198108673096,0.034671600908041,0.6099341511726379
-0.04737338423728943,0.31550848484039307,0.4396502375602722
-0.09056733548641205,0.16650259494781494,0.012376964092254639
0.004910863935947418,-0.04474422335624695,0.8367298245429993
0.02806079387664795,0.017850488424301147,1.0839309692382812
0.05556623265147209,0.0891028642654419,1.1584219932556152
0.030232517048716545,0.039784789085388184,1.250551462173462
-0.09425432980060577,0.05167070031166077,1.013449788093567
-0.16154780983924866,0.11705991625785828,0.7534786462783813
-0.03201480209827423,0.2594969868659973,0.7795953154563904
0.14492657780647278,-0.030678004026412964,1.014962911605835
0.22808194160461426,-0.031261928379535675,0.7564125657081604
0.18770965933799744,0.184133380651474,0.7833693027496338
