-2.1159726202313323e-06,-7.570346497232094e-06,0.9535947442054749
0.1165757030248642,-0.05593310669064522,0.9714654088020325
0.10859262943267822,-0.1476130187511444,0.4926990568637848
0.10949710011482239,-0.33222317695617676,0.07014733552932739
-0.116580531001091,0.05591827258467674,0.9356496334075928
-0.14626643061637878,0.06593528389930725,0.45427826046943665
-0.29662400484085083,0.02980661392211914,0.028813481330871582
-0.04949073866009712,-0.03719368577003479,1.2016159296035767
-0.02341523766517639,-0.0018604397773742676,1.4573330879211426
0.000870048999786377,0.0695650577545166,1.546270728111267
-0.02198859304189682,0.016105592250823975,1.635096788406372
-0.1378549337387085,0.03800716996192932,1.3880701065063477
-0.2888106107711792,0.07890909910202026,1.1723332405090332
-0.3365524113178253,0.2198302298784256,1.1137750148773193
0.07902263849973679,-0.05847236514091492,1.3806898593902588
0.1733504980802536,-0.13706323504447937,1.1141583919525146
0.23460549116134644,-0.11438789963722229,0.8659431338310242
