1.6101012079161592e-06,-1.0254476364934817e-05,0.9536014199256897
0.12730452418327332,-0.041252367198467255,0.9681276679039001
0.050878554582595825,-0.07326623797416687,0.5034761428833008
0.07284030318260193,-0.3381540775299072,0.11605668067932129
-0.12730827927589417,0.04123840481042862,0.9389922022819519
-0.16730937361717224,0.08923575282096863,0.4585307240486145
-0.21562175452709198,0.0396079421043396,0.007864654064178467
-0.022874098271131516,-0.06903880834579468,1.2047150135040283
-0.02779006026685238,-0.030039489269256592,1.4582939147949219
-0.002529103308916092,0.04916590452194214,1.5388991832733154
-0.027675122022628784,-0.0020355582237243652,1.634427785873413
-0.14392533898353577,0.0007169544696807861,1.3883641958236694
-0.22039684653282166,0.1253834217786789,1.1952435970306396
-0.1496952772140503,0.24554014205932617,1.2784417867660522
0.0910734236240387,-0.06347978115081787,1.4021865129470825
0.18969106674194336,-0.03226582705974579,1.1569865942001343
0.12754273414611816,0.07531067728996277,0.9505692720413208
