-2.17379056266509e-06,-7.014372386038303e-06,0.9535912275314331
0.13233046233654022,0.016587581485509872,0.952674150466919
0.1179695725440979,0.04855555295944214,0.4725951552391052
0.21226632595062256,-0.11369681358337402,0.043384850025177
-0.13233253359794617,-0.01659848913550377,0.9544422626495361
-0.17935864627361298,-0.029797762632369995,0.47301679849624634
-0.2057645618915558,-0.12302279472351074,0.020518720149993896
0.016310106962919235,-0.052930161356925964,1.2015154361724854
0.0012199003249406815,-0.020270347595214844,1.4614081382751465
0.01249372586607933,0.06875002384185791,1.5341637134552002
0.006711740046739578,0.026836693286895752,1.63676917552948
-0.1212935745716095,-0.04616886377334595,1.3905127048492432
-0.33811575174331665,-0.015936464071273804,1.22920823097229
-0.313634991645813,0.1512654423713684,1.3326640129089355
0.1285589188337326,-0.005880117416381836,1.400635838508606
0.3006417751312256,0.03350567817687988,1.1882619857788086
0.156638503074646,0.20512883365154266,1.2354025840759277
