1.0154230949410703e-06,-9.140021575149149e-06,0.9535987377166748
0.11364313960075378,-0.06345313042402267,0.969402551651001
0.09707102179527283,-0.13508832454681396,0.48915067315101624
0.08389338850975037,-0.2892599105834961,0.05890488624572754
-0.11364834010601044,0.06343667209148407,0.937714695930481
-0.1636911928653717,0.09829452633857727,0.46191316843032837
-0.34942442178726196,0.07343840599060059,0.050154924392700195
-0.040615614503622055,-0.0397777259349823,1.2021088600158691
-0.015395864844322205,-0.003892272710800171,1.4588332176208496
0.0041471198201179504,0.07442981004714966,1.5414438247680664
-0.0211385115981102,0.02813929319381714,1.6357781887054443
-0.12426260113716125,0.045320719480514526,1.3983029127120972
-0.2901332378387451,0.12072503566741943,1.215867280960083
-0.38218986988067627,0.2325594276189804,1.1012189388275146
0.07843796908855438,-0.06778648495674133,1.3800296783447266
0.1553632915019989,-0.14073847234249115,1.1098861694335938
0.1812828779220581,-0.11916963011026382,0.8577841520309448
