5.522324499906972e-07,-9.5878367574187e-06,0.9535929560661316
0.11510227620601654,-0.07068181037902832,0.9693025350570679
0.09113572537899017,-0.10135608911514282,0.4794803857803345
0.04603084921836853,-0.21291041374206543,0.032618820667266846
-0.11510562896728516,0.07066705822944641,0.9378131628036499
-0.15294545888900757,0.056741565465927124,0.45741915702819824
-0.30259251594543457,-0.07369738817214966,0.051814138889312744
-0.07828579097986221,-0.04747326672077179,1.1976652145385742
-0.06464134156703949,-0.022575169801712036,1.450243353843689
-0.02562262862920761,0.05217033624649048,1.5337579250335693
-0.04006360471248627,0.009328305721282959,1.636218547821045
-0.1546591818332672,0.053200483322143555,1.3690502643585205
-0.1495174616575241,0.14674313366413116,1.0988037586212158
0.0035968199372291565,0.19687967002391815,0.9206463098526001
0.03624292463064194,-0.09654456377029419,1.3765820264816284
0.17225193977355957,-0.1557299792766571,1.1228588819503784
0.28972744941711426,-0.07562237977981567,0.920195996761322
