5.534297997655813e-06,-1.4351437130244449e-05,0.9536038637161255
0.1262131631374359,-0.016865981742739677,0.9538170099258423
0.1157088577747345,0.0307980477809906,0.47571471333503723
0.23057761788368225,-0.18507230281829834,0.08696889877319336
-0.12621426582336426,0.016856588423252106,0.9533036947250366
-0.16528519988059998,0.00913912057876587,0.47303837537765503
-0.18199720978736877,-0.13584095239639282,0.03979957103729248
0.017790455371141434,-0.058791741728782654,1.2019275426864624
0.029761891812086105,-0.06366315484046936,1.4540104866027832
0.06756815314292908,0.02021843194961548,1.5204102993011475
0.06310661137104034,-0.02110952138900757,1.618035078048706
-0.09351789951324463,-0.04591912031173706,1.3904210329055786
-0.2624456286430359,0.08472299575805664,1.3309377431869507
-0.10012343525886536,0.21372857689857483,1.4678480625152588
0.15391406416893005,-0.08057758212089539,1.4240617752075195
0.36957353353500366,0.05163305997848511,1.5161083936691284
0.33494871854782104,0.18531674146652222,1.7068177461624146
