5.639196388074197e-06,-1.509816138423048e-05,0.9536058902740479
0.12441886961460114,-0.012280827388167381,0.9548822641372681
0.10396422445774078,0.03364330530166626,0.47840583324432373
0.21512943506240845,-0.17889630794525146,0.08782720565795898
-0.12441954016685486,0.012270760722458363,0.952239453792572
-0.17085930705070496,0.009897053241729736,0.47181013226509094
-0.19322942197322845,-0.12612831592559814,0.0361478328704834
0.015676654875278473,-0.04954339563846588,1.2045305967330933
0.01897314190864563,-0.05380633473396301,1.4547803401947021
0.051296673715114594,0.035867393016815186,1.5173650979995728
0.0428585447371006,-0.005540192127227783,1.615401268005371
-0.10201527178287506,-0.04171019792556763,1.3878430128097534
-0.2691403031349182,0.08617645502090454,1.3403117656707764
-0.1204538345336914,0.2115481197834015,1.4792543649673462
0.14364078640937805,-0.06623750925064087,1.4295079708099365
0.34869706630706787,0.05913186073303223,1.5207438468933105
0.3040873408317566,0.17888987064361572,1.7176477909088135
