1.236353455169592e-06,-1.167236769106239e-05,0.9536069631576538
0.13244123756885529,0.006011586636304855,0.952724814414978
0.12500010430812836,0.054981768131256104,0.47791239619255066
0.26262205839157104,-0.21360373497009277,0.10918790102005005
-0.13244321942329407,-0.006023546680808067,0.9543944001197815
-0.17738750576972961,0.0011754333972930908,0.47919732332229614
-0.16243086755275726,-0.15263450145721436,0.04600614309310913
0.024843689054250717,-0.06425657868385315,1.1974847316741943
0.04596533626317978,-0.0890548825263977,1.4551266431808472
0.07960183173418045,-0.007621645927429199,1.5241574048995972
0.0806490033864975,-0.05616307258605957,1.6235198974609375
-0.08476897329092026,-0.08774968981742859,1.4135526418685913
-0.28804367780685425,0.035450279712677,1.4951543807983398
-0.1224704384803772,0.10780459642410278,1.6335020065307617
0.17467856407165527,-0.0833609402179718,1.4020203351974487
0.365986168384552,0.08575204014778137,1.4822626113891602
0.27631035447120667,0.1910703182220459,1.6650663614273071
