-5.134698767506052e-06,-7.649341569049284e-06,0.9536063075065613
0.10898397862911224,-0.061989329755306244,0.9531718492507935
0.11596739292144775,-0.08091080188751221,0.4672747850418091
0.08504627645015717,-0.17957448959350586,0.01928877830505371
-0.10898742079734802,0.06197751313447952,0.9539498686790466
-0.1553422212600708,0.05964106321334839,0.46781280636787415
-0.3211602568626404,-0.05218988656997681,0.06364578008651733
-0.015373455360531807,-0.04576486349105835,1.2051646709442139
0.04052001237869263,-0.08169600367546082,1.4423561096191406
0.1128859594464302,-0.014814794063568115,1.5047221183776855
0.09649300575256348,-0.04981029033660889,1.5982948541641235
-0.050671353936195374,0.0064592063426971436,1.4496333599090576
-0.05646543204784393,0.2073761224746704,1.5282886028289795
0.10130037367343903,0.22066634893417358,1.71321702003479
0.11477963626384735,-0.14434310793876648,1.3297359943389893
0.23654788732528687,-0.12844303250312805,1.1147643327713013
0.2440815269947052,0.021646976470947266,1.2813591957092285
