2.901529114751611e-07,-7.819448001100682e-06,0.9535878896713257
0.12844830751419067,-0.052381910383701324,0.964603066444397
0.1436040699481964,-0.12603238224983215,0.48313426971435547
0.14927750825881958,-0.297580361366272,0.05531853437423706
-0.1284521520137787,0.05236854404211044,0.9425138235092163
-0.1458524763584137,0.0045191943645477295,0.45931825041770935
-0.18074217438697815,-0.11374640464782715,0.014663994312286377
-0.012060033157467842,-0.06038348376750946,1.200953483581543
0.04688132181763649,-0.031489044427871704,1.4516819715499878
0.09004576504230499,0.04885447025299072,1.524332046508789
0.07507984340190887,0.017895221710205078,1.6306754350662231
-0.06759529560804367,0.01430213451385498,1.3931961059570312
-0.12904763221740723,0.0619356632232666,1.177295207977295
-0.09151220321655273,0.150189608335495,1.2502012252807617
0.14744317531585693,-0.09363448619842529,1.3729832172393799
0.20865562558174133,-0.16691939532756805,1.0891354084014893
0.23517969250679016,-0.10586245357990265,0.8490124940872192
