-5.380061338655651e-07,-9.932504326570779e-06,0.9536046385765076
0.12548860907554626,-0.052730806171894073,0.9580351710319519
0.09824202954769135,-0.06857895851135254,0.4718049466609955
0.06706784665584564,-0.19263732433319092,0.03037393093109131
-0.12548944354057312,0.05272309482097626,0.9490839838981628
-0.1766592562198639,0.044125109910964966,0.46490412950515747
-0.24669958651065826,-0.08967447280883789,0.030640006065368652
-0.005836319178342819,-0.05216743052005768,1.2051233053207397
0.048163942992687225,-0.06711903214454651,1.4573233127593994
0.10213039070367813,0.004397034645080566,1.5257906913757324
0.08727548271417618,-0.04512304067611694,1.6213034391403198
-0.07124894857406616,0.002268552780151367,1.4306681156158447
-0.16569912433624268,0.19883108139038086,1.4259673357009888
0.0201399028301239,0.2345317006111145,1.5570764541625977
0.15486878156661987,-0.12151816487312317,1.375688910484314
0.3530767560005188,-0.08000963926315308,1.2499966621398926
0.33828258514404297,0.10610756278038025,1.4211645126342773
