-1.838188836700283e-07,-1.266260733245872e-05,0.9536100029945374
0.10151328146457672,-0.07873257994651794,0.9640358686447144
0.10405710339546204,-0.09520512819290161,0.4781779646873474
0.03226622939109802,-0.17354249954223633,0.03442060947418213
-0.10151751339435577,0.07871788740158081,0.9430844187736511
-0.06378759443759918,0.06949084997177124,0.4620455801486969
-0.299521267414093,-0.04585981369018555,0.0901803970336914
-0.029416285455226898,-0.03954310715198517,1.206348180770874
-0.006155597046017647,-0.051841139793395996,1.4606949090957642
0.07082381099462509,0.0071280598640441895,1.531041145324707
0.05102402716875076,-0.04160916805267334,1.623359203338623
-0.10722526907920837,0.03207853436470032,1.4080843925476074
-0.21019843220710754,0.1828252375125885,1.295393466949463
-0.07023823261260986,0.23498126864433289,1.416043758392334
0.080970898270607,-0.13869202136993408,1.4130569696426392
0.3099639415740967,-0.17338204383850098,1.4256699085235596
0.3350614905357361,-0.02874511480331421,1.6155900955200195
