4.483454176806845e-07,-1.188060559798032e-05,0.953606128692627
0.13978171348571777,-0.02842765301465988,0.9598561525344849
0.13750019669532776,-0.04027986526489258,0.4769231975078583
0.17866170406341553,-0.22847038507461548,0.06119680404663086
-0.13978344202041626,0.028418350964784622,0.9472606778144836
-0.16965243220329285,-0.0026261508464813232,0.4633902609348297
-0.2075692117214203,-0.1313314437866211,0.019594848155975342
-0.0032411981374025345,-0.08271598815917969,1.1973352432250977
0.01575538143515587,-0.09018629789352417,1.45441472530365
0.040819793939590454,-0.004208803176879883,1.530409812927246
0.0326726958155632,-0.06107938289642334,1.6274230480194092
-0.12184885144233704,-0.05324485898017883,1.4054259061813354
-0.3198944330215454,0.10118511319160461,1.3118646144866943
-0.23875778913497925,0.27931615710258484,1.4402868747711182
0.15101727843284607,-0.11985495686531067,1.3905251026153564
0.37009549140930176,-0.03697173297405243,1.256494164466858
0.3593035638332367,0.1792621612548828,1.3935774564743042
