-1.8728860595729202e-06,-8.334456651937217e-06,0.9536023736000061
0.12043020129203796,-0.05229726433753967,0.9607194066047668
0.10199704766273499,-0.07095101475715637,0.47993040084838867
0.07982641458511353,-0.17134994268417358,0.03336387872695923
-0.12043356895446777,0.05228622630238533,0.9464026093482971
-0.12082153558731079,0.07563367486000061,0.46777480840682983
-0.3130323588848114,-0.03274959325790405,0.07614350318908691
-0.019745953381061554,-0.036017924547195435,1.204898476600647
-0.0009121343027800322,-0.038850367069244385,1.4619653224945068
0.03505251556634903,0.06057769060134888,1.5195374488830566
0.029658177867531776,0.02148127555847168,1.6230714321136475
-0.12578269839286804,0.017003148794174194,1.434883713722229
-0.23893257975578308,0.20537453889846802,1.5340466499328613
-0.09410466253757477,0.2646235227584839,1.7048912048339844
0.12023961544036865,-0.08966121077537537,1.3983724117279053
0.34918349981307983,0.0034209787845611572,1.398349642753601
0.32437074184417725,0.1739214062690735,1.5964457988739014
