4.5658689487027004e-06,-1.4826422557234764e-05,0.9536078572273254
0.11970213055610657,-0.013916580006480217,0.9562504887580872
0.10993535816669464,0.010134011507034302,0.4763825535774231
0.23239973187446594,-0.20635676383972168,0.09048765897750854
-0.11970419436693192,0.013905731961131096,0.9508717656135559
-0.1559697389602661,-0.005947977304458618,0.46627095341682434
-0.16806350648403168,-0.13435137271881104,0.0316469669342041
0.022080406546592712,-0.05685068666934967,1.2045972347259521
0.03361913561820984,-0.06597033143043518,1.4542039632797241
0.06473848223686218,0.023044824600219727,1.514878511428833
0.06905238330364227,-0.019667446613311768,1.618159532546997
-0.07855436205863953,-0.055445969104766846,1.3835350275039673
-0.2297452688217163,0.0441766083240509,1.2522143125534058
-0.06454324722290039,0.1413569450378418,1.3887195587158203
0.14858201146125793,-0.07772886753082275,1.4285699129104614
0.35668230056762695,0.0470813512802124,1.5136003494262695
0.36515572667121887,0.16714966297149658,1.71480131149292
