1.351766513835173e-06,-1.1402229574741796e-05,0.9536043405532837
0.12463539838790894,0.02590681053698063,0.9562011957168579
0.0890287533402443,0.08109608292579651,0.4815036654472351
0.23113030195236206,-0.15956079959869385,0.10176634788513184
-0.12463745474815369,-0.02591797336935997,0.9509211778640747
-0.20816119015216827,0.01574563980102539,0.48342615365982056
-0.2016068547964096,-0.12485051155090332,0.04680323600769043
0.015305586159229279,-0.04727301001548767,1.203176736831665
0.0012527275830507278,-0.05866244435310364,1.4596768617630005
0.008142076432704926,0.034723639488220215,1.5195176601409912
-0.0007276814430952072,-0.0028511881828308105,1.6244176626205444
-0.1168060302734375,-0.08431398868560791,1.395151972770691
-0.3239476680755615,0.0278778076171875,1.4331070184707642
-0.20216071605682373,0.15209239721298218,1.5965969562530518
0.13040399551391602,-0.02474042773246765,1.4283591508865356
0.27821433544158936,0.17370927333831787,1.5594714879989624
0.1646757423877716,0.28286540508270264,1.7384207248687744
