-1.2904829418403096e-06,-9.30425085243769e-06,0.9536026120185852
0.12626054883003235,-0.048280514776706696,0.9634996652603149
0.09844252467155457,-0.08084404468536377,0.48056918382644653
0.0706881433725357,-0.1957758665084839,0.033188462257385254
-0.1262628138065338,0.048267558217048645,0.9436206817626953
-0.13193351030349731,0.06572765111923218,0.4644923806190491
-0.28296056389808655,-0.056178271770477295,0.0556640625
-0.016371309757232666,-0.046581462025642395,1.2031129598617554
-0.004477856680750847,-0.06859445571899414,1.4632952213287354
0.03195790573954582,0.029915332794189453,1.525216817855835
0.034952808171510696,-0.012453198432922363,1.6318049430847168
-0.1364518702030182,-0.016971498727798462,1.4318548440933228
-0.29900604486465454,0.1724100112915039,1.5404975414276123
-0.14321468770503998,0.2285049557685852,1.712302565574646
0.12376144528388977,-0.11656710505485535,1.4041084051132202
0.3812255263328552,-0.03844603896141052,1.4499324560165405
0.33163982629776,0.12240767478942871,1.6365405321121216
