9.096047506318428e-07,-8.917582817957737e-06,0.9535874128341675
0.13510730862617493,-0.03982672840356827,0.9656875729560852
0.10392080247402191,-0.09052038192749023,0.4803047478199005
0.08756731450557709,-0.2445765733718872,0.04701441526412964
-0.13510896265506744,0.039814695715904236,0.9414269924163818
-0.15959292650222778,-0.0321367084980011,0.4584919512271881
-0.20086351037025452,-0.17470884323120117,0.022606730461120605
-0.02555030956864357,-0.06874443590641022,1.2030868530273438
0.003656423417851329,-0.014245331287384033,1.4512466192245483
0.05129358172416687,0.0590517520904541,1.532590627670288
0.04651688039302826,0.01934349536895752,1.6336243152618408
-0.12085433304309845,0.012675166130065918,1.3781617879867554
-0.24905553460121155,-0.006837606430053711,1.109330177307129
-0.3000805079936981,0.05683259293437004,0.8653551340103149
0.11701833456754684,-0.06511420011520386,1.371931552886963
0.20179176330566406,-0.1222061961889267,1.0938889980316162
0.22807931900024414,-0.0688181072473526,0.8579789400100708
