-3.5824577935272828e-06,-9.23269908525981e-06,0.9536040425300598
0.1288760006427765,-0.03073963336646557,0.9603429436683655
0.1381613314151764,-0.013744205236434937,0.4777695834636688
0.1924172043800354,-0.17381703853607178,0.05105334520339966
-0.12887465953826904,0.030731525272130966,0.9467769861221313
-0.15759539604187012,-0.01066046953201294,0.4686436653137207
-0.16034702956676483,-0.1678375005722046,0.030326902866363525
-0.017836377024650574,-0.05307197570800781,1.204420566558838
0.0025580711662769318,-0.06444504857063293,1.4579005241394043
0.0527847558259964,0.008905112743377686,1.5232887268066406
0.04708341509103775,-0.033998847007751465,1.6238594055175781
-0.12082159519195557,-0.020202040672302246,1.4289532899856567
-0.2559134364128113,0.15682917833328247,1.4837021827697754
-0.12432025372982025,0.22199177742004395,1.6405478715896606
0.11569428443908691,-0.10324051976203918,1.3808337450027466
0.28838279843330383,-0.05668523907661438,1.230421781539917
0.24197831749916077,0.1069943904876709,1.3988231420516968
