8.961092134995852e-07,-1.1294385330984369e-05,0.953608512878418
0.1295829564332962,0.013635173439979553,0.9535664319992065
0.1038665845990181,0.06901928782463074,0.48255103826522827
0.25988662242889404,-0.19474047422409058,0.11726880073547363
-0.1295851767063141,-0.013646075502038002,0.9535531997680664
-0.17395421862602234,-0.005057275295257568,0.4780079126358032
-0.15614861249923706,-0.14161759614944458,0.041472434997558594
0.025038957595825195,-0.059426844120025635,1.1998567581176758
0.03715216740965843,-0.08374667167663574,1.45721435546875
0.06054683029651642,0.004055500030517578,1.5245137214660645
0.05806564539670944,-0.04318666458129883,1.625558853149414
-0.09179487824440002,-0.09299367666244507,1.4071102142333984
-0.2999774217605591,0.024959921836853027,1.481520175933838
-0.1387319266796112,0.10936969518661499,1.6234140396118164
0.16726955771446228,-0.06689652800559998,1.414542317390442
0.3386417329311371,0.11547446250915527,1.5307073593139648
0.2330867499113083,0.2209104299545288,1.708221197128296
