-1.4243933037505485e-06,-5.808164132758975e-06,0.953593909740448
0.1292077898979187,-0.050008054822683334,0.9663829207420349
0.0701066255569458,-0.09257808327674866,0.4836651086807251
0.0041612982749938965,-0.21841150522232056,0.0462261438369751
-0.12921050190925598,0.049994561821222305,0.9407336711883545
-0.19693277776241302,0.02317628264427185,0.4640543758869171
-0.2789921164512634,-0.09654444456100464,0.02760404348373413
-0.053039103746414185,-0.03737388551235199,1.2046732902526855
-0.010652417317032814,-0.02887105941772461,1.455549716949463
0.036070019006729126,0.05154073238372803,1.5231853723526
0.03145010396838188,0.017868340015411377,1.6296510696411133
-0.14092418551445007,0.03054821491241455,1.4359015226364136
-0.30988502502441406,0.24507248401641846,1.502782940864563
-0.15803518891334534,0.2899984121322632,1.5705252885818481
0.0944015383720398,-0.0925859808921814,1.365578532218933
0.16697987914085388,-0.17917391657829285,1.0937238931655884
0.2075537145137787,-0.10931019484996796,0.8510686755180359
