-3.6409051062946673e-06,-1.1255277058808133e-05,0.9536022543907166
0.10433231294155121,-0.0857265442609787,0.975949227809906
0.16303783655166626,-0.10399168729782104,0.4945649802684784
0.14370034635066986,-0.20249831676483154,0.04310262203216553
-0.10433824360370636,0.08570851385593414,0.9311681389808655
-0.00016149505972862244,0.04469075798988342,0.49319571256637573
-0.2489607334136963,-0.12843340635299683,0.17073333263397217
-0.06847187876701355,-0.04757145047187805,1.200495958328247
-0.017600607126951218,-0.00794607400894165,1.4466075897216797
0.031924497336149216,0.05005693435668945,1.5370509624481201
-0.0012880228459835052,0.007363796234130859,1.6322377920150757
-0.10275259613990784,0.07980391383171082,1.3605403900146484
-0.13212621212005615,0.16211998462677002,1.074367642402649
0.0003952309489250183,0.20277734100818634,0.8732951283454895
0.06401790678501129,-0.09923720359802246,1.3772916793823242
0.1591896414756775,-0.16451764106750488,1.1022145748138428
0.2111799418926239,-0.10297912359237671,0.8770427703857422
