-3.4542281355243176e-06,-7.446582458214834e-06,0.9536008834838867
0.11540833115577698,-0.05881587043404579,0.9600194692611694
0.10261127352714539,-0.07643824815750122,0.4766484200954437
0.08539815247058868,-0.18371903896331787,0.029728174209594727
-0.11541260778903961,0.0588039867579937,0.9471016526222229
-0.12542840838432312,0.07320284843444824,0.46539637446403503
-0.3172244429588318,-0.008614063262939453,0.06203305721282959
-0.02782965824007988,-0.04037165641784668,1.204715609550476
0.00504342932254076,-0.05061817169189453,1.4598491191864014
0.047177135944366455,0.04584687948226929,1.5142159461975098
0.05129105970263481,0.004238247871398926,1.621631383895874
-0.11473552137613297,0.014862626791000366,1.4417855739593506
-0.23764550685882568,0.20959234237670898,1.5185072422027588
-0.0967211127281189,0.26716822385787964,1.6952528953552246
0.1147187352180481,-0.10694926977157593,1.378949761390686
0.3363378942012787,-0.047283321619033813,1.3001351356506348
0.320213258266449,0.13409832119941711,1.4795660972595215
