-3.4291588235646486e-08,-9.19467129278928e-06,0.953597903251648
0.12884923815727234,0.007818837650120258,0.9584636092185974
0.09841373562812805,0.02443215250968933,0.47538676857948303
0.1520518809556961,-0.1507253646850586,0.05401766300201416
-0.12885171175003052,-0.007829252630472183,0.9486585259437561
-0.22626757621765137,0.01068684458732605,0.479377806186676
-0.2748722732067108,-0.1202923059463501,0.03956860303878784
-0.00032845791429281235,-0.03771574795246124,1.2027676105499268
-0.030708882957696915,-0.033906131982803345,1.4590084552764893
-0.02832285314798355,0.05946946144104004,1.5207865238189697
-0.042044177651405334,0.02339160442352295,1.6282987594604492
-0.1524829864501953,-0.04624420404434204,1.394321322441101
-0.334831178188324,0.10320854187011719,1.4197133779525757
-0.20778775215148926,0.22013819217681885,1.5728269815444946
0.10595269501209259,-0.01632753014564514,1.4271305799484253
0.283790647983551,0.14543569087982178,1.53141188621521
0.17012009024620056,0.25143879652023315,1.6678193807601929
