4.082912710146047e-06,-1.2358097592368722e-05,0.9536058902740479
0.12881194055080414,-0.0031947968527674675,0.9544018507003784
0.06533068418502808,0.052913278341293335,0.4838695228099823
0.18410012125968933,-0.18488532304763794,0.10186302661895752
-0.12881514430046082,0.0031830789521336555,0.9527179598808289
-0.19725856184959412,0.032772570848464966,0.47963792085647583
-0.21135450899600983,-0.10625648498535156,0.04502582550048828
0.02062690630555153,-0.0619434118270874,1.1969507932662964
0.028251975774765015,-0.08695942163467407,1.4521476030349731
0.051073916256427765,0.011481642723083496,1.5179802179336548
0.04810676723718643,-0.03133112192153931,1.6178489923477173
-0.10033965110778809,-0.07999348640441895,1.4061148166656494
-0.29251599311828613,0.05487024784088135,1.502086877822876
-0.1536853313446045,0.1545674204826355,1.6740998029708862
0.15783628821372986,-0.08846452832221985,1.4078369140625
0.3306591510772705,0.06186032295227051,1.5318046808242798
0.25809213519096375,0.1533326506614685,1.7245961427688599
