2.9341254048631527e-07,-8.65608308231458e-06,0.9535987973213196
0.11680610477924347,-0.05158036947250366,0.9625241160392761
0.15145929157733917,-0.06794080138206482,0.48691898584365845
0.14934824407100677,-0.21962988376617432,0.05446857213973999
-0.11680829524993896,0.051566608250141144,0.9445968866348267
-0.11870146542787552,0.050727397203445435,0.4607859253883362
-0.2582622766494751,-0.0861661434173584,0.05283808708190918
-0.015672776848077774,-0.03864376246929169,1.2039134502410889
0.025982152670621872,-0.05343109369277954,1.4571689367294312
0.07294516265392303,0.03477710485458374,1.5142066478729248
0.08243787288665771,-0.009342551231384277,1.618152141571045
-0.09323221445083618,0.01017749309539795,1.4390777349472046
-0.21706479787826538,0.21466857194900513,1.52567720413208
-0.03818264603614807,0.25562673807144165,1.6729660034179688
0.13291117548942566,-0.11133319139480591,1.382473111152649
0.38770705461502075,-0.0435447096824646,1.3699947595596313
0.39162206649780273,0.12555086612701416,1.5541267395019531
