-3.7581630749627948e-06,-9.166411473415792e-06,0.9536094069480896
0.10132099688053131,-0.07432851195335388,0.9642500877380371
0.10479481518268585,-0.09438756108283997,0.4839227795600891
0.057266637682914734,-0.17079955339431763,0.036191701889038086
-0.10132351517677307,0.07431729882955551,0.9428707957267761
-0.020800627768039703,0.06303361058235168,0.4693003296852112
-0.27530160546302795,-0.04933953285217285,0.1036914587020874
-0.027088623493909836,-0.03374394774436951,1.2089753150939941
0.0037977383472025394,-0.033978939056396484,1.4616448879241943
0.07368016988039017,0.03962355852127075,1.5199477672576904
0.07978913187980652,-0.004908621311187744,1.6168975830078125
-0.10362935811281204,0.042050957679748535,1.4177956581115723
-0.23945346474647522,0.1831580400466919,1.3187675476074219
-0.06968569755554199,0.25133657455444336,1.4638469219207764
0.09055554866790771,-0.1199130117893219,1.4102783203125
0.3255242109298706,-0.1452980637550354,1.4166972637176514
0.3928695321083069,0.0023137927055358887,1.6022981405258179
