9.157747626886703e-08,-6.492551619885489e-06,0.9523531198501587
0.13523712754249573,-0.0396946556866169,0.9674010276794434
0.1182287335395813,-0.08980673551559448,0.4808748960494995
0.1254339963197708,-0.21436285972595215,0.037250399589538574
-0.13523882627487183,0.03968377783894539,0.9372470378875732
-0.14569547772407532,-0.025059670209884644,0.4543684124946594
-0.16966943442821503,-0.14370393753051758,0.01086658239364624
-0.029361849650740623,-0.06494246423244476,1.2024669647216797
-0.007591191679239273,0.004848450422286987,1.449530839920044
0.014362215995788574,0.09196436405181885,1.5254254341125488
0.011689208447933197,0.05808955430984497,1.6315927505493164
-0.12560111284255981,0.02670726180076599,1.367513656616211
-0.23251542448997498,-0.0045254528522491455,1.0882561206817627
-0.23769769072532654,0.030976183712482452,0.8350250124931335
0.10586190223693848,-0.04546728730201721,1.3732762336730957
0.18161244690418243,-0.11081302165985107,1.0906763076782227
0.2001827359199524,-0.056507594883441925,0.8535385727882385
