-2.6792727112479042e-06,-8.915314538171515e-06,0.9523629546165466
0.12896499037742615,-0.055859796702861786,0.9672573208808899
0.11459159851074219,-0.09150248765945435,0.4764288067817688
0.11541137099266052,-0.20158350467681885,0.031884074211120605
-0.12896455824375153,0.05584932118654251,0.9373931884765625
-0.1401885449886322,0.00020104646682739258,0.450671911239624
-0.17562547326087952,-0.11374127864837646,0.0025417208671569824
-0.03148971498012543,-0.059395477175712585,1.2012629508972168
-0.025483455508947372,-0.00306585431098938,1.448155403137207
0.02655601315200329,0.07632064819335938,1.5137269496917725
0.03219097852706909,0.04258584976196289,1.6215271949768066
-0.13687677681446075,0.04030391573905945,1.3691692352294922
-0.2359430342912674,0.03217533230781555,1.092231035232544
-0.20029601454734802,0.08613784611225128,0.847379207611084
0.09076251834630966,-0.06697219610214233,1.3878066539764404
0.28161972761154175,-0.04950043559074402,1.201155185699463
0.29703280329704285,0.13301777839660645,1.348483920097351
