-4.483649718167726e-07,-9.148108802037314e-06,0.9523619413375854
0.12580063939094543,-0.058813899755477905,0.9706630110740662
0.15310117602348328,-0.07491141557693481,0.47965091466903687
0.16675809025764465,-0.18077266216278076,0.03652828931808472
-0.12579989433288574,0.058804553002119064,0.9339897036552429
-0.11021803319454193,-0.015901148319244385,0.44822758436203003
-0.12320509552955627,-0.14005422592163086,0.00597989559173584
-0.03819095715880394,-0.050252169370651245,1.202438235282898
-0.030549801886081696,0.00217631459236145,1.450664758682251
0.021553799510002136,0.07722890377044678,1.5184996128082275
0.02819214016199112,0.043644070625305176,1.6243488788604736
-0.13911685347557068,0.04916059970855713,1.3735196590423584
-0.2383159101009369,0.05249670147895813,1.0932154655456543
-0.21770289540290833,0.11962448805570602,0.8382065296173096
0.0820593610405922,-0.06617867946624756,1.3903791904449463
0.2855527698993683,-0.061727508902549744,1.208390235900879
0.352838933467865,0.12157827615737915,1.3367494344711304
