2.3426173356710933e-07,-6.78647484164685e-06,0.9523537158966064
0.1355561763048172,-0.04002431035041809,0.9674490094184875
0.12124240398406982,-0.09116965532302856,0.48053422570228577
0.12694670259952545,-0.21483314037322998,0.03658735752105713
-0.13555780053138733,0.04001365974545479,0.9371989965438843
-0.14290383458137512,-0.025268912315368652,0.45433759689331055
-0.1670767366886139,-0.1451784372329712,0.011001110076904297
-0.02914820984005928,-0.0647812932729721,1.2022404670715332
-0.0069595687091350555,0.004584580659866333,1.449359655380249
0.014659151434898376,0.09224224090576172,1.5257937908172607
0.011274948716163635,0.05632472038269043,1.6311731338500977
-0.12551411986351013,0.02671182155609131,1.367806315422058
-0.23120427131652832,-0.006513774394989014,1.088212251663208
-0.23621027171611786,0.027038834989070892,0.8356995582580566
0.10681797564029694,-0.045877426862716675,1.372893214225769
0.1817733645439148,-0.11189267039299011,1.0906879901885986
0.1981116533279419,-0.05754324793815613,0.8523805737495422
