1.466551111661829e-07,-7.240154445753433e-06,0.9523531198501587
0.13370764255523682,-0.04610055685043335,0.9678789973258972
0.11334526538848877,-0.0916433036327362,0.48382556438446045
0.10856872797012329,-0.2145531177520752,0.04030346870422363
-0.1337100714445114,0.0460890457034111,0.9367688894271851
-0.15142375230789185,-0.016076356172561646,0.4538693428039551
-0.17913603782653809,-0.1217195987701416,0.006032347679138184
-0.036474864929914474,-0.06275828182697296,1.2010674476623535
-0.01855647563934326,0.00614282488822937,1.4492738246917725
0.007358737289905548,0.09155964851379395,1.5253515243530273
0.008034750819206238,0.056776225566864014,1.6308343410491943
-0.1348871886730194,0.0361478328704834,1.367150068283081
-0.23382554948329926,0.010061025619506836,1.0885987281799316
-0.21603256464004517,0.05043113976716995,0.8385612964630127
0.09591899812221527,-0.0504574179649353,1.3751565217971802
0.19769802689552307,-0.1059962809085846,1.1072680950164795
0.24589118361473083,-0.02595481276512146,0.8942023515701294
