-2.808384579111589e-06,-7.406895747408271e-06,0.952362060546875
0.12448270618915558,-0.062494415789842606,0.9705307483673096
0.1335000991821289,-0.09279316663742065,0.47804415225982666
0.1333400309085846,-0.20107126235961914,0.03805947303771973
-0.12448140978813171,0.0624842569231987,0.93412184715271
-0.12063609063625336,-0.008926957845687866,0.4494643211364746
-0.15781176090240479,-0.1312657594680786,0.00713801383972168
-0.04300818219780922,-0.053946733474731445,1.2002880573272705
-0.039938248693943024,-0.008360028266906738,1.450407862663269
0.02383391000330448,0.06435465812683105,1.513585090637207
0.03333268314599991,0.031023383140563965,1.6205533742904663
-0.14634783565998077,0.04750367999076843,1.376009464263916
-0.237698495388031,0.06925800442695618,1.0998293161392212
-0.1959807276725769,0.14134280383586884,0.8603434562683105
0.07051941752433777,-0.08170497417449951,1.393949031829834
0.28431111574172974,-0.059599608182907104,1.2455978393554688
0.2930838167667389,0.09021776914596558,1.4354957342147827
