-1.3323037819645833e-06,-5.257272277958691e-06,0.9382725358009338
0.13402071595191956,-0.014251315966248512,0.9356240034103394
0.04752814769744873,-0.055300235748291016,0.45766547322273254
0.004334509372711182,-0.16476911306381226,0.009984195232391357
-0.13402312994003296,0.014242519624531269,0.9408565759658813
-0.19369381666183472,0.02723422646522522,0.46342670917510986
-0.25798624753952026,-0.03883606195449829,0.01939260959625244
0.01834552362561226,-0.06385649740695953,1.1848393678665161
0.06643866002559662,-0.0351639986038208,1.44014573097229
0.06309667229652405,0.05623281002044678,1.506551742553711
0.05652068555355072,0.0318414568901062,1.6159361600875854
-0.0649850144982338,-0.027215301990509033,1.409860610961914
-0.2632952332496643,0.12626582384109497,1.43259596824646
-0.22634795308113098,0.22520673274993896,1.640116572380066
0.17538383603096008,-0.053674668073654175,1.3526787757873535
0.24048331379890442,-0.07172345370054245,1.070899248123169
0.241239994764328,0.03146742284297943,0.826319694519043
