-2.0865127225988545e-06,-5.997429980197921e-06,0.938274621963501
0.13286972045898438,-0.009310636669397354,0.9341328144073486
0.05977940559387207,-0.04704958200454712,0.45512035489082336
0.02272212505340576,-0.1585814356803894,0.009398818016052246
-0.13287225365638733,0.009301615878939629,0.9423487186431885
-0.18781793117523193,0.019966095685958862,0.46571287512779236
-0.2419835329055786,-0.05727881193161011,0.022668659687042236
0.023673750460147858,-0.06438712775707245,1.1852085590362549
0.08310802280902863,-0.03999611735343933,1.43831205368042
0.0809164047241211,0.05257314443588257,1.5021355152130127
0.08120249956846237,0.0271112322807312,1.611972689628601
-0.048640817403793335,-0.03771647810935974,1.4205045700073242
-0.24854940176010132,0.08149760961532593,1.4711644649505615
-0.26888084411621094,0.19210326671600342,1.6877590417861938
0.18751832842826843,-0.05421555042266846,1.3426940441131592
0.23580071330070496,-0.06394057720899582,1.0588648319244385
0.2170548141002655,0.04343096911907196,0.8243134021759033
