1.511362825112883e-06,-6.865820978418924e-06,0.9382638931274414
0.13376010954380035,-0.03459523245692253,0.9432697296142578
0.07482172548770905,-0.09549713134765625,0.46312370896339417
0.03832688927650452,-0.2067837119102478,0.015365660190582275
-0.13376101851463318,0.03458741679787636,0.9332044720649719
-0.16808253526687622,-0.014862537384033203,0.4522056579589844
-0.21931174397468567,-0.09428137540817261,0.0021011829376220703
-0.013915607705712318,-0.07560622692108154,1.1871761083602905
0.004651691764593124,-0.0024431347846984863,1.4349133968353271
0.03363373130559921,0.07490140199661255,1.513820767402649
0.035377975553274155,0.03858464956283569,1.619712471961975
-0.11920017004013062,0.01346096396446228,1.357377529144287
-0.23499056696891785,-0.0069808512926101685,1.0857517719268799
-0.2776145339012146,0.05955478549003601,0.835723876953125
0.12064383924007416,-0.04542425274848938,1.3560711145401
0.19624915719032288,-0.09931126236915588,1.0746968984603882
0.21080932021141052,-0.042239710688591,0.8290916085243225
