8.70772055350244e-07,-1.5392615750897676e-05,0.8834909796714783
0.10260458290576935,-0.05353543534874916,0.8919114470481873
0.08171182870864868,-0.1267891228199005,0.4483267664909363
-0.0028406232595443726,-0.26328492164611816,0.020735442638397217
-0.10260716825723648,0.0535162016749382,0.8749766945838928
-0.17108526825904846,0.0006100237369537354,0.42947855591773987
-0.2829371988773346,-0.1465672254562378,0.014571547508239746
-0.027894306927919388,-0.0019458085298538208,1.1239620447158813
-0.06863708049058914,0.06568405032157898,1.3573814630508423
-0.03797207027673721,0.14641618728637695,1.410527229309082
-0.059464484453201294,0.12757396697998047,1.5078070163726807
-0.16345429420471191,0.09400710463523865,1.253937005996704
-0.286783367395401,0.10986607521772385,0.9998295903205872
-0.15943609178066254,0.16447880864143372,0.9044802188873291
0.03565115109086037,0.002567380666732788,1.3528602123260498
0.21485553681850433,-0.006866812705993652,1.3958029747009277
0.21938522160053253,0.11945271492004395,1.5298047065734863
