8.007200449355878e-07,-1.3684315490536392e-05,0.8834854364395142
0.10955394059419632,-0.038364388048648834,0.8888156414031982
0.0772361010313034,-0.10788232088088989,0.4356841444969177
0.015378758311271667,-0.2462329864501953,0.00341719388961792
-0.10955646634101868,0.038347721099853516,0.8780698776245117
-0.1444452852010727,-0.01996937394142151,0.4243794083595276
-0.202723890542984,-0.1678394079208374,0.0
-0.007493562996387482,-0.026980683207511902,1.1194789409637451
0.01646246202290058,0.009525179862976074,1.3698350191116333
0.062267743051052094,0.0954277515411377,1.4272735118865967
0.06487994641065598,0.07155656814575195,1.5334620475769043
-0.09705245494842529,0.03889802098274231,1.3113759756088257
-0.27281665802001953,0.09928809106349945,1.1070656776428223
-0.18892884254455566,0.20653513073921204,1.13566255569458
0.1146092414855957,-0.04601570963859558,1.3071706295013428
0.2764955461025238,-0.12114781886339188,1.117088794708252
0.3212301731109619,0.03945517539978027,1.1400007009506226
