-1.0151452443096787e-06,-1.0634623322403058e-05,0.8834863901138306
0.10392150282859802,-0.033042438328266144,0.8865983486175537
0.07911790907382965,-0.09289610385894775,0.43888169527053833
0.025661960244178772,-0.24022388458251953,0.015337646007537842
-0.10392627120018005,0.033024609088897705,0.8802881836891174
-0.13081549108028412,-0.03550294041633606,0.4343520700931549
-0.16893666982650757,-0.19110095500946045,0.016138792037963867
0.002364691346883774,-0.021917983889579773,1.117713451385498
0.06792696565389633,0.0032025575637817383,1.3556442260742188
0.11613819003105164,0.0814586877822876,1.4154548645019531
0.13658222556114197,0.051711440086364746,1.5175046920776367
-0.04274337738752365,0.03269851207733154,1.327620267868042
-0.25826483964920044,0.08697214722633362,1.2124977111816406
-0.30048227310180664,0.22737789154052734,1.272528052330017
0.14134299755096436,-0.048083215951919556,1.2616288661956787
0.1813957691192627,-0.11711552739143372,0.9863907098770142
0.1880740523338318,-0.04534776508808136,0.7841079235076904
