4.39656650996767e-06,-1.6225018043769524e-05,0.8834974765777588
0.10054005682468414,-0.01980668492615223,0.8831285834312439
0.1370934247970581,-0.0792737603187561,0.45220378041267395
0.14788955450057983,-0.2828652858734131,0.047097980976104736
-0.10054372251033783,0.019787298515439034,0.8837597370147705
-0.13941456377506256,-0.028787344694137573,0.4524504542350769
-0.15329769253730774,-0.21589231491088867,0.05035597085952759
0.06056845933198929,-0.02109469473361969,1.108080506324768
0.16735506057739258,0.007469981908798218,1.3080464601516724
0.21631941199302673,0.0998169481754303,1.3484313488006592
0.2324853241443634,0.07523036003112793,1.4519516229629517
0.06828255951404572,0.030537396669387817,1.3203082084655762
0.03278384730219841,0.08760502934455872,1.3970835208892822
0.15569579601287842,0.07373511791229248,1.4599263668060303
0.23495632410049438,-0.027964472770690918,1.197352409362793
0.32275620102882385,-0.0322951078414917,0.9333418011665344
0.22727078199386597,0.11326724290847778,0.9200558066368103
