-1.4783599908696488e-06,-1.0915366146946326e-05,0.8834861516952515
0.11581490933895111,-0.019889280200004578,0.885875940322876
0.11601266264915466,-0.0974244475364685,0.44525063037872314
0.09080895781517029,-0.2816096544265747,0.038455188274383545
-0.11581877619028091,0.019872037693858147,0.8810098767280579
-0.15295523405075073,-0.03558030724525452,0.44419190287590027
-0.20490413904190063,-0.20109498500823975,0.03711932897567749
0.012297317385673523,-0.03288537263870239,1.1152324676513672
0.05865068733692169,0.008052736520767212,1.3570772409439087
0.08696024119853973,0.09765833616256714,1.4138226509094238
0.11356092989444733,0.07425147294998169,1.5195430517196655
-0.06123775243759155,0.01961466670036316,1.3113582134246826
-0.27467575669288635,0.04182887077331543,1.1664499044418335
-0.3550889790058136,0.17266076803207397,1.0905983448028564
0.15953697264194489,-0.03110527992248535,1.276169776916504
0.3107726573944092,-0.09971596300601959,1.051698088645935
0.22865208983421326,0.05979853868484497,0.9654168486595154
