1.3553299140767194e-06,-1.1988318874500692e-05,0.8834830522537231
0.10703521966934204,-0.024318091571331024,0.8839744925498962
0.09430249035358429,-0.09728348255157471,0.4489108920097351
0.05052889883518219,-0.2676312327384949,0.03590184450149536
-0.10703764855861664,0.02430042065680027,0.8829095363616943
-0.16358765959739685,-0.023520231246948242,0.44760268926620483
-0.2355581820011139,-0.16653335094451904,0.0349956750869751
0.01252974383533001,-0.02563244104385376,1.1158877611160278
0.03658279404044151,0.02985510230064392,1.3582656383514404
0.058931998908519745,0.1138104796409607,1.421331763267517
0.0653529018163681,0.09090191125869751,1.5274664163589478
-0.07456231117248535,0.03936466574668884,1.2977807521820068
-0.26779595017433167,0.04963374137878418,1.1244535446166992
-0.3551707863807678,0.17196159064769745,1.0324010848999023
0.1384992003440857,-0.012404203414916992,1.287782907485962
0.2962944507598877,-0.08098093420267105,1.0723354816436768
0.2279510796070099,0.05777614191174507,0.9618762135505676
