3.2445495889987797e-07,-1.418993269908242e-05,0.883491575717926
0.10363993048667908,-0.0458066426217556,0.889699399471283
0.07362860441207886,-0.10353970527648926,0.45295658707618713
-0.027531154453754425,-0.2452217936515808,0.03432422876358032
-0.10364377498626709,0.04579029977321625,0.8771883845329285
-0.18681475520133972,0.02429834008216858,0.4437156915664673
-0.30900558829307556,-0.11632925271987915,0.030572950839996338
-0.02453359216451645,0.005976840853691101,1.1204872131347656
-0.07935094833374023,0.08098924160003662,1.3463608026504517
-0.05754832923412323,0.1712682843208313,1.3897285461425781
-0.080809086561203,0.1522507667541504,1.4913005828857422
-0.16995678842067719,0.09910300374031067,1.240220546722412
-0.2634691596031189,0.11562298983335495,0.9856470823287964
-0.12971945106983185,0.182006374001503,0.9035419225692749
0.027650410309433937,0.033124297857284546,1.3491662740707397
0.15802624821662903,0.06276202201843262,1.437431812286377
0.058916009962558746,0.1629074215888977,1.523431420326233
