-2.35934930969961e-06,-1.2386397429509088e-05,0.8834903240203857
0.10282662510871887,-0.0526837557554245,0.8916663527488708
0.08115248382091522,-0.11352607607841492,0.45460736751556396
-0.015966862440109253,-0.25220704078674316,0.0316961407661438
-0.10283114016056061,0.05266576632857323,0.8752217888832092
-0.17048686742782593,0.022001028060913086,0.43982213735580444
-0.28328466415405273,-0.11968481540679932,0.02421700954437256
-0.030323736369609833,0.006452888250350952,1.1218122243881226
-0.0806855708360672,0.07371112704277039,1.3502600193023682
-0.057001009583473206,0.16619902849197388,1.3949637413024902
-0.07842931151390076,0.1487700343132019,1.4979830980300903
-0.17386111617088318,0.09278851747512817,1.2435705661773682
-0.2825745940208435,0.10692788660526276,0.9852762222290039
-0.15818849205970764,0.15695349872112274,0.8977314233779907
0.02576444484293461,0.02681785821914673,1.3512904644012451
0.14755433797836304,0.0740283727645874,1.441462516784668
0.05774080753326416,0.15955126285552979,1.5322376489639282
