7.823673513485119e-07,-1.0887244570767507e-05,0.8834819197654724
0.09787403792142868,-0.03438378497958183,0.8886131644248962
0.09855277836322784,-0.09898477792739868,0.44208580255508423
0.05266579985618591,-0.24736332893371582,0.022847354412078857
-0.09787772595882416,0.034365907311439514,0.8782721161842346
-0.11845064163208008,-0.03631743788719177,0.4349358081817627
-0.15810588002204895,-0.1870260238647461,0.01620006561279297
-0.011084883473813534,-0.01379317045211792,1.1199102401733398
0.03426496684551239,0.03833639621734619,1.360581874847412
0.0770030990242958,0.11572599411010742,1.4216434955596924
0.08306819200515747,0.09225589036941528,1.527573585510254
-0.07015335559844971,0.061783820390701294,1.3087639808654785
-0.2742028832435608,0.07592584192752838,1.1192234754562378
-0.3674125671386719,0.2159234881401062,1.034175992012024
0.11189480125904083,-0.01414799690246582,1.2772504091262817
0.1644199639558792,-0.09752842783927917,1.0083034038543701
0.18459394574165344,-0.034046851098537445,0.8104807138442993
