8.925908332457766e-07,-1.4906203432474285e-05,0.8834900259971619
0.10259874910116196,-0.049569275230169296,0.8878983855247498
0.08477668464183807,-0.11082568764686584,0.4486547112464905
0.001687571406364441,-0.24900513887405396,0.0268518328666687
-0.10260269045829773,0.04955223202705383,0.8789896368980408
-0.17427915334701538,0.013990253210067749,0.4411817193031311
-0.2886645793914795,-0.13136988878250122,0.0281183123588562
-0.01662547141313553,0.0001901090145111084,1.1227920055389404
-0.059876084327697754,0.06627970933914185,1.357804775238037
-0.03588782995939255,0.1491091251373291,1.4098403453826904
-0.05169229954481125,0.1291535496711731,1.5085008144378662
-0.15333306789398193,0.08722928166389465,1.2561805248260498
-0.2579658031463623,0.09895613044500351,1.0053915977478027
-0.13116098940372467,0.16096000373363495,0.9047641158103943
0.04543155059218407,0.014279067516326904,1.3530023097991943
0.21499308943748474,0.04239678382873535,1.423297643661499
0.16685757040977478,0.15484154224395752,1.5594422817230225
