-5.783666892966721e-06,-9.24764754017815e-06,0.8834834694862366
0.10369351506233215,-0.03804817795753479,0.8932545781135559
0.13357701897621155,-0.10979613661766052,0.44483232498168945
0.13658827543258667,-0.27806299924850464,0.024136722087860107
-0.10369893908500671,0.038031671196222305,0.8736310601234436
-0.11721694469451904,-0.04743102192878723,0.4253416657447815
-0.14485514163970947,-0.22638237476348877,0.016478300094604492
-0.012409165501594543,-0.014733970165252686,1.117666482925415
0.03588198125362396,0.033797383308410645,1.3567335605621338
0.0736575499176979,0.11398375034332275,1.4215691089630127
0.0768781527876854,0.09036117792129517,1.5286672115325928
-0.07606839388608932,0.06297290325164795,1.3078179359436035
-0.2732413411140442,0.09891542792320251,1.1145846843719482
-0.17888253927230835,0.15201333165168762,0.959796667098999
0.12387192249298096,-0.020815283060073853,1.2694039344787598
0.2302987426519394,-0.09295743703842163,1.0274089574813843
0.3145964741706848,-0.022142061963677406,0.8671647310256958
