2.432951077935286e-06,-1.4544555597240105e-05,0.8834910988807678
0.10500283539295197,-0.04925831779837608,0.891598105430603
0.09705407917499542,-0.11181217432022095,0.44669532775878906
0.0592079758644104,-0.259185254573822,0.025834858417510986
-0.10500558465719223,0.04923968389630318,0.8752896785736084
-0.14626426994800568,-0.009698420763015747,0.43157872557640076
-0.22983017563819885,-0.17696541547775269,0.0210268497467041
-0.015237554907798767,-0.008067101240158081,1.1232913732528687
-0.03464522957801819,0.049174994230270386,1.3667103052139282
-0.002123311161994934,0.13013535737991333,1.4222347736358643
-0.01118864119052887,0.10977816581726074,1.5250349044799805
-0.13834989070892334,0.06848528981208801,1.2807929515838623
-0.2845887839794159,0.07881517708301544,1.04705810546875
-0.18508875370025635,0.13314740359783173,0.93181973695755
0.07234010100364685,-0.005508303642272949,1.3451437950134277
0.2929230332374573,0.011684656143188477,1.3788032531738281
0.3188701272010803,0.12494409084320068,1.5258450508117676
