-8.73507815413177e-07,-1.2470609362935647e-05,0.8834934830665588
0.10455796122550964,-0.03571854531764984,0.8827875852584839
0.08110666275024414,-0.07865741848945618,0.445173442363739
0.03100128471851349,-0.2337712049484253,0.016632795333862305
-0.1045629233121872,0.03569993004202843,0.8841006755828857
-0.12812656164169312,-0.009763747453689575,0.450334757566452
-0.1493411362171173,-0.18324047327041626,0.033184945583343506
0.032709915190935135,-0.02348862588405609,1.1136705875396729
0.13601866364479065,-0.006396204233169556,1.3215621709823608
0.19898086786270142,0.07679939270019531,1.3690637350082397
0.22212368249893188,0.044215381145477295,1.462906837463379
0.029200373217463493,0.029897689819335938,1.3433268070220947
-0.07867802679538727,0.1004023551940918,1.4025344848632812
-0.007644221186637878,0.1519584059715271,1.4931044578552246
0.19830340147018433,-0.05388680100440979,1.2042136192321777
0.22045749425888062,-0.08414784073829651,0.9192959070205688
0.21407416462898254,0.021759390830993652,0.7212753295898438
