1.375590727548115e-06,-1.2597483873832971e-05,0.8834804892539978
0.11070438474416733,-0.02755279466509819,0.8872408270835876
0.08485770225524902,-0.10748052597045898,0.44653916358947754
0.04815882444381714,-0.28151530027389526,0.032385170459747314
-0.11070847511291504,0.02753543294966221,0.8796432018280029
-0.17932477593421936,-0.021482408046722412,0.43897175788879395
-0.25778722763061523,-0.17560988664627075,0.02951669692993164
0.008637674152851105,-0.03439126908779144,1.1164278984069824
0.02183491736650467,0.025731325149536133,1.3653082847595215
0.04400327056646347,0.11376291513442993,1.4326690435409546
0.04254646599292755,0.09321695566177368,1.5390901565551758
-0.0858849510550499,0.03619307279586792,1.2933021783828735
-0.22850364446640015,0.02480587363243103,1.0445222854614258
-0.2261277735233307,0.11182735115289688,0.8554365038871765
0.13050857186317444,-0.015125185251235962,1.2978606224060059
0.30767130851745605,-0.0739494264125824,1.0851188898086548
0.26285260915756226,0.0807746946811676,0.9841058254241943
