-2.10106918530073e-06,-1.0652762284735218e-05,0.8834838271141052
0.10235153883695602,-0.033836111426353455,0.8853053450584412
0.09828400611877441,-0.09284895658493042,0.44239386916160583
0.05712246894836426,-0.2371106743812561,0.020201683044433594
-0.10235479474067688,0.03381922096014023,0.8815786838531494
-0.1036667600274086,-0.04002496600151062,0.4400644600391388
-0.13228639960289001,-0.20304834842681885,0.023699641227722168
-0.002111355774104595,-0.026976510882377625,1.1191718578338623
0.04375848174095154,0.01903870701789856,1.3532298803329468
0.09208182990550995,0.09342479705810547,1.417027473449707
0.10913915932178497,0.06330728530883789,1.518570065498352
-0.056156694889068604,0.0473751425743103,1.296197772026062
-0.19579491019248962,0.06338261067867279,1.064620018005371
-0.24216702580451965,0.14835619926452637,0.8954002857208252
0.12051153182983398,-0.03318363428115845,1.2689428329467773
0.16949859261512756,-0.10523563623428345,1.0015562772750854
0.19201643764972687,-0.03887774795293808,0.7781388163566589
