-4.9653708629193716e-06,-1.064808020601049e-05,0.8834894299507141
0.10701455175876617,-0.021755127236247063,0.884367048740387
0.1136598289012909,-0.08199715614318848,0.45004260540008545
0.09706300497055054,-0.26364099979400635,0.04097437858581543
-0.1070198118686676,0.021738959476351738,0.8825217485427856
-0.15115413069725037,-0.026250004768371582,0.44964665174484253
-0.19752444326877594,-0.18236136436462402,0.04441457986831665
0.023931238800287247,-0.015219122171401978,1.1167103052139282
0.10298910737037659,0.012026786804199219,1.3476922512054443
0.14092764258384705,0.09523570537567139,1.4021402597427368
0.1608174443244934,0.06942296028137207,1.4994533061981201
-0.013812053948640823,0.030185550451278687,1.338883638381958
-0.1983966827392578,0.12208884954452515,1.3512924909591675
-0.20713835954666138,0.22147756814956665,1.4880359172821045
0.18669730424880981,-0.02971827983856201,1.2501214742660522
0.30489498376846313,-0.09012091159820557,1.0117480754852295
0.2307874709367752,0.059198200702667236,0.9547263383865356
