-3.6495157473837025e-06,-1.093820173991844e-05,0.8834882378578186
0.08753234148025513,-0.01330156996846199,0.8936873078346252
0.032986119389534,-0.04119083285331726,0.46948447823524475
-0.0493026003241539,-0.14872527122497559,0.045617520809173584
-0.08753816783428192,0.013283202424645424,0.8732008934020996
-0.17294001579284668,-0.0060086846351623535,0.46165427565574646
-0.292951375246048,-0.10242682695388794,0.052429020404815674
-0.08431210368871689,0.01879693567752838,1.0860050916671753
-0.17924581468105316,0.1225665807723999,1.285881519317627
-0.19738811254501343,0.2067527174949646,1.3308364152908325
-0.22890883684158325,0.21068048477172852,1.4324686527252197
-0.24199998378753662,0.10265615582466125,1.1900702714920044
-0.2350483238697052,0.06280378997325897,0.9144757986068726
-0.1772766262292862,0.06874430179595947,0.6842780113220215
-0.07656455785036087,0.09361565113067627,1.25669527053833
0.11044049263000488,0.004712358117103577,1.0620464086532593
0.18661320209503174,0.03188244253396988,0.8822370171546936
