-4.353606527729426e-06,-9.11775350687094e-06,0.8834883570671082
0.1014157235622406,-0.03083181008696556,0.8835266828536987
0.08827349543571472,-0.08675506711006165,0.437783420085907
0.039480432868003845,-0.22924035787582397,0.017650842666625977
-0.1014200747013092,0.03081553988158703,0.8833584189414978
-0.10779231786727905,-0.04034695029258728,0.440515398979187
-0.14381280541419983,-0.20208847522735596,0.02661532163619995
0.003338463604450226,-0.027217596769332886,1.1160430908203125
0.06326928734779358,0.009816467761993408,1.3492872714996338
0.11076761037111282,0.08337002992630005,1.4061610698699951
0.13189023733139038,0.05563575029373169,1.508570671081543
-0.04269064962863922,0.03779765963554382,1.3127503395080566
-0.2516537308692932,0.0827549397945404,1.1696643829345703
-0.31486523151397705,0.20369189977645874,1.103685975074768
0.13598985970020294,-0.03981047868728638,1.256933331489563
0.18230903148651123,-0.11239726841449738,0.9851235151290894
0.19863253831863403,-0.04148096591234207,0.7652311325073242
