-2.6177549443673342e-06,-1.0510389984119684e-05,0.8834851980209351
0.10284193605184555,-0.03257407620549202,0.8847779631614685
0.09433016180992126,-0.0896347165107727,0.43964314460754395
0.052891477942466736,-0.23516643047332764,0.01783651113510132
-0.10284524410963058,0.03255733102560043,0.8821064233779907
-0.10567153990268707,-0.039726972579956055,0.4389280676841736
-0.13508854806423187,-0.20188230276107788,0.0219152569770813
-0.0003724456764757633,-0.026785090565681458,1.118019700050354
0.04634842276573181,0.017935574054718018,1.3516294956207275
0.0934552252292633,0.0929185152053833,1.4132955074310303
0.1121831014752388,0.06230747699737549,1.515192985534668
-0.05534709244966507,0.046144068241119385,1.2986392974853516
-0.2130609154701233,0.06982336938381195,1.0817924737930298
-0.2741624116897583,0.16317810118198395,0.9302547574043274
0.12327246367931366,-0.03364300727844238,1.2657771110534668
0.17291191220283508,-0.10652472823858261,0.9977077841758728
0.1941351443529129,-0.03771369904279709,0.7752407193183899
