-2.0208262867527083e-06,-1.2551408872241154e-05,0.8834914565086365
0.10311055928468704,-0.024418754503130913,0.8854483366012573
0.12517274916172028,-0.08065977692604065,0.4591121971607208
0.1261584460735321,-0.2697138786315918,0.04951071739196777
-0.10311533510684967,0.024402113631367683,0.8814411163330078
-0.1355172097682953,-0.023793280124664307,0.4539133608341217
-0.15986581146717072,-0.19701731204986572,0.047120094299316406
0.0402083620429039,-0.01632075011730194,1.1148054599761963
0.1472603976726532,0.001256108283996582,1.330475926399231
0.19302824139595032,0.0818181037902832,1.3781754970550537
0.2150530219078064,0.05657088756561279,1.4748544692993164
0.04030741751194,0.02961328625679016,1.3435946702957153
-0.05981513112783432,0.12803101539611816,1.4205482006072998
0.03428965061903,0.16515827178955078,1.5646933317184448
0.21659541130065918,-0.03978365659713745,1.2204984426498413
0.30653297901153564,-0.06775332987308502,0.9667543172836304
0.2260110080242157,0.08809135854244232,0.9390501976013184
