-2.4482478693244047e-06,-1.3717675756197423e-05,0.8834924101829529
0.11506182700395584,-0.024977274239063263,0.8854871988296509
0.13647499680519104,-0.09115844964981079,0.45022958517074585
0.13516643643379211,-0.2917290925979614,0.04021310806274414
-0.11506782472133636,0.024960657581686974,0.8814022541046143
-0.1415344625711441,-0.03211772441864014,0.44701945781707764
-0.152670219540596,-0.21836119890213013,0.033050715923309326
0.0376172810792923,-0.02940557897090912,1.1151608228683472
0.1413116157054901,-0.01493951678276062,1.3346903324127197
0.17762205004692078,0.0720142126083374,1.386335849761963
0.20309635996818542,0.04448080062866211,1.4817872047424316
0.023299958556890488,0.005344182252883911,1.351048231124878
-0.09411865472793579,0.0739978551864624,1.4055633544921875
-0.03402039408683777,0.10557979345321655,1.5387452840805054
0.22643467783927917,-0.04825937747955322,1.2240092754364014
0.3440200090408325,-0.0626283809542656,0.965785562992096
0.23976027965545654,0.09341823309659958,0.9528771638870239
