-2.5099434424191713e-06,-1.1896368960151449e-05,0.8834854960441589
0.09482724964618683,-0.01881614327430725,0.8905878067016602
0.07852348685264587,-0.09754839539527893,0.44382938742637634
0.039590224623680115,-0.23470038175582886,0.01805669069290161
-0.09483195841312408,0.018801016733050346,0.8762959241867065
-0.158059224486351,-0.03922775387763977,0.4402672350406647
-0.2234053611755371,-0.17940187454223633,0.026138722896575928
-0.027312852442264557,-0.023436978459358215,1.1111347675323486
-0.031244337558746338,0.03336191177368164,1.3523797988891602
-0.014924421906471252,0.11126267910003662,1.4194705486297607
-0.01890219748020172,0.0885193943977356,1.5254566669464111
-0.11662614345550537,0.034497469663619995,1.2724108695983887
-0.18239277601242065,0.009615033864974976,0.9966579079627991
-0.17788836359977722,0.03394191712141037,0.7663564085960388
0.05857325345277786,0.005851686000823975,1.2856128215789795
0.1641981601715088,-0.0511513352394104,1.0281645059585571
0.18239401280879974,0.015664327889680862,0.81960529088974
