-1.8378677850705571e-06,-1.1758489563362673e-05,0.8834917545318604
0.10272136330604553,-0.03220342844724655,0.8819268345832825
0.0810471922159195,-0.07486164569854736,0.44294148683547974
0.036984577775001526,-0.2344881296157837,0.0189855694770813
-0.10272680968046188,0.03218653425574303,0.884961724281311
-0.1255456954240799,-0.012581855058670044,0.4506533443927765
-0.14822357892990112,-0.18339437246322632,0.0352206826210022
0.0344441756606102,-0.026313960552215576,1.1123899221420288
0.13348151743412018,-0.009116321802139282,1.3247992992401123
0.19111135601997375,0.07064151763916016,1.3748472929000854
0.21420231461524963,0.037150561809539795,1.4676976203918457
0.028433728963136673,0.022654563188552856,1.3441087007522583
-0.09436023235321045,0.09932968020439148,1.3957653045654297
-0.035609014332294464,0.16250944137573242,1.5160300731658936
0.19600193202495575,-0.0530262291431427,1.2079417705535889
0.21689870953559875,-0.0843578577041626,0.9220063090324402
0.20641791820526123,0.013891756534576416,0.7228837609291077
