-2.5703238861751743e-06,-1.0857020242838189e-05,0.8834819197654724
0.10456129163503647,-0.032214440405368805,0.8959565758705139
0.13561993837356567,-0.10579612851142883,0.4439757764339447
0.14291825890541077,-0.266703724861145,0.02217644453048706
-0.10456638038158417,0.03219828009605408,0.8709284663200378
-0.1185573935508728,-0.05682992935180664,0.42175376415252686
-0.13917364180088043,-0.23627996444702148,0.011585712432861328
-0.01739232987165451,-0.01688516139984131,1.1190756559371948
0.028181033208966255,0.03453245759010315,1.35795259475708
0.06165296211838722,0.11771219968795776,1.421147108078003
0.06551630049943924,0.098580002784729,1.5301849842071533
-0.08124969154596329,0.062001556158065796,1.3056035041809082
-0.2650207281112671,0.0920175164937973,1.100196123123169
-0.17911209166049957,0.1448330283164978,0.9452157616615295
0.11580710113048553,-0.02002742886543274,1.2716012001037598
0.22248277068138123,-0.10627774894237518,1.0096228122711182
0.28674614429473877,-0.022852562367916107,0.8260900378227234
