1.070629878086038e-05,-2.5205161364283413e-05,0.9537849426269531
-0.006508991122245789,-0.04313109442591667,0.9494004249572754
-0.012591496109962463,-0.10429596900939941,0.44650524854660034
-0.0060297101736068726,-0.19161736965179443,0.0
0.006502215750515461,0.04311612248420715,0.9580042362213135
0.02059084177017212,-0.08055326342582703,0.45706504583358765
0.02587151527404785,-0.16642886400222778,0.03533250093460083
0.0003400184214115143,0.024726539850234985,1.2135642766952515
-0.018088074401021004,-0.030520886182785034,1.3973388671875
0.017940256744623184,-0.027120083570480347,1.4269509315490723
-0.15211805701255798,-0.0034422874450683594,1.3926039934158325
0.007194444537162781,0.02073541283607483,1.3849446773529053
-0.06085862219333649,0.00836712121963501,1.2443206310272217
-0.0634308010339737,-0.004666268825531006,1.1933633089065552
-0.05070347711443901,-0.08854866027832031,1.3789217472076416
-0.1328127384185791,-0.14771802723407745,1.2509504556655884
-0.035214830189943314,-0.126287579536438,1.1508870124816895
