-4.798516783921514e-06,-2.313656295882538e-05,0.953780472278595
0.05356195196509361,0.02266046404838562,0.9529023766517639
-0.0036973748356103897,-0.047675639390945435,0.5271722078323364
0.009114056825637817,-0.21781212091445923,0.13580971956253052
-0.05356410890817642,-0.02267332933843136,0.9544960260391235
-0.039298150688409805,-0.0889158844947815,0.5306305885314941
-0.03395898640155792,-0.2121867537498474,0.11301189661026001
0.010026220232248306,0.020002096891403198,1.1966991424560547
0.012622255831956863,0.04455652832984924,1.4013338088989258
0.033287450671195984,0.07888051867485046,1.4329228401184082
0.03875771537423134,0.05869483947753906,1.4971249103546143
-0.02805185317993164,0.005305737257003784,1.3507306575775146
-0.10370401293039322,-0.08137905597686768,1.1680307388305664
-0.15920528769493103,-0.03685937449336052,0.9968562722206116
0.05104491487145424,0.03909963369369507,1.344759225845337
0.07121412456035614,0.04380856454372406,1.102684497833252
0.023197578266263008,0.11563199758529663,1.06749427318573
