-1.9448725652182475e-07,-1.1298718163743615e-05,0.9537531137466431
0.10779431462287903,0.06896807253360748,0.9360400438308716
-0.10418346524238586,0.11016198992729187,0.4886896014213562
-0.1734500229358673,0.061912596225738525,0.04715150594711304
-0.1077984869480133,-0.06897800415754318,0.9713537096977234
-0.04572156071662903,-0.19519156217575073,0.5064786076545715
0.0566122829914093,-0.3778967261314392,0.094887375831604
0.03960168734192848,-0.023343577980995178,1.1938250064849854
0.04615672677755356,0.015077292919158936,1.4586962461471558
0.03452423959970474,0.10136312246322632,1.543593406677246
0.051557622849941254,0.06718599796295166,1.649644374847412
-0.06347046792507172,-0.05114716291427612,1.392541527748108
-0.2322673499584198,-0.10392370820045471,1.1483842134475708
-0.3448840081691742,0.0303460955619812,1.046290397644043
0.15279521048069,0.052133411169052124,1.3753137588500977
0.27550792694091797,-0.01651078462600708,1.1263481378555298
0.3279593586921692,-0.02049187570810318,0.9071395993232727
