-3.2179341360460967e-06,-9.984905773308128e-06,0.9537474513053894
0.11634266376495361,0.07373812794685364,0.9349358081817627
-0.07430791854858398,0.11168867349624634,0.46359243988990784
-0.1460457295179367,0.08213579654693604,0.012215971946716309
-0.11634832620620728,-0.0737525001168251,0.9724551439285278
-0.10922133177518845,-0.1947447657585144,0.5127257704734802
0.07781058549880981,-0.5003618001937866,0.16449075937271118
0.045126259326934814,-0.04419007897377014,1.1959424018859863
0.06701028347015381,-0.003141731023788452,1.462686538696289
0.057854264974594116,0.08219844102859497,1.5572788715362549
0.07335500419139862,0.04038888216018677,1.6627031564712524
-0.04710107296705246,-0.07386663556098938,1.3943533897399902
-0.19986774027347565,-0.1300632357597351,1.1280999183654785
-0.2766578197479248,-0.02086566761136055,0.9260193705558777
0.17473900318145752,0.04802048206329346,1.3722670078277588
0.26882368326187134,0.044370681047439575,1.0874848365783691
0.25569164752960205,0.11580784618854523,0.8480124473571777
