-6.798818503739312e-07,-1.2226006219862029e-05,0.9537535905838013
0.11080300807952881,0.06660933047533035,0.9311530590057373
-0.08058462291955948,0.11766931414604187,0.4686031639575958
-0.20150664448738098,0.14037948846817017,0.02466064691543579
-0.11080855131149292,-0.066621795296669,0.9762391448020935
-0.03922738507390022,-0.19920670986175537,0.5140878558158875
0.0857623815536499,-0.4080599546432495,0.12166190147399902
0.04162435233592987,-0.037474364042282104,1.1966396570205688
0.05658331885933876,-0.0022689104080200195,1.4601836204528809
0.043915871530771255,0.0798531174659729,1.5409886837005615
0.05856997147202492,0.04892474412918091,1.6502835750579834
-0.053682781755924225,-0.06474640965461731,1.3946726322174072
-0.2309846431016922,-0.10417716950178146,1.1387205123901367
-0.3237379491329193,0.04042951762676239,1.0336023569107056
0.15736550092697144,0.03342816233634949,1.3731913566589355
0.269901305437088,-0.04034368693828583,1.1202973127365112
0.34212571382522583,-0.05929294973611832,0.8796232342720032
