-2.860726453945972e-06,-1.0626572475302964e-05,0.9537494778633118
0.11151779443025589,0.07122017443180084,0.9357126951217651
-0.0762513279914856,0.12067127227783203,0.4663223624229431
-0.1852300763130188,0.13305199146270752,0.017375528812408447
-0.11152328550815582,-0.07123324275016785,0.9716797471046448
-0.060368478298187256,-0.20902428030967712,0.5178277492523193
0.09545058012008667,-0.4677894711494446,0.14812380075454712
0.043703727424144745,-0.042917609214782715,1.1972649097442627
0.05716733634471893,-0.005222976207733154,1.4623994827270508
0.04904506728053093,0.07925450801849365,1.5466303825378418
0.06240031495690346,0.04255962371826172,1.6578190326690674
-0.05334031209349632,-0.07353022694587708,1.3905562162399292
-0.22360296547412872,-0.12949514389038086,1.1249688863754272
-0.3327488303184509,0.00875207781791687,0.9894879460334778
0.15989398956298828,0.03639483451843262,1.376859426498413
0.27510732412338257,-0.010878652334213257,1.1063870191574097
0.3377044200897217,0.004360213875770569,0.8568241000175476
