-5.766261892858893e-06,-3.0842704290989786e-05,0.9538117051124573
0.021042995154857635,-0.027390627190470695,0.9587419033050537
0.01719774305820465,-0.03098788857460022,0.4768604636192322
0.023412443697452545,-0.150826096534729,0.06167489290237427
-0.021047690883278847,0.02737700194120407,0.9486637115478516
-0.022802062332630157,-0.09169280529022217,0.49056148529052734
-0.06694726645946503,-0.21350622177124023,0.10285204648971558
0.03505038470029831,0.021814703941345215,1.1750961542129517
0.00183887779712677,0.02445363998413086,1.3254542350769043
0.025392789393663406,0.05561685562133789,1.3410781621932983
0.0052212877199053764,0.014016389846801758,1.3445093631744385
-0.013314774259924889,0.024396061897277832,1.305208683013916
-0.027646543458104134,-0.003490731120109558,1.1218678951263428
-0.0487285852432251,-0.040968187153339386,1.0706144571304321
0.01796784996986389,-0.017301619052886963,1.2994598150253296
-0.015258608385920525,-0.05148029327392578,1.1018893718719482
0.02274632826447487,0.008682094514369965,1.0425959825515747
