-6.0593920352403075e-06,-1.4425193512579426e-05,0.9064304828643799
0.09744669497013092,0.035182490944862366,0.8766292333602905
0.01786009408533573,0.03122904896736145,0.4639040231704712
-0.040184371173381805,-0.1067548394203186,0.03861814737319946
-0.09745550155639648,-0.03520428389310837,0.9361215829849243
-0.3345332443714142,-0.03125622868537903,0.7069737911224365
-0.3202352821826935,-0.26956868171691895,0.37740063667297363
0.05337183177471161,0.006164655089378357,1.1304010152816772
0.06768140196800232,0.04097244143486023,1.368544578552246
0.07977279275655746,0.13195517659187317,1.4268399477005005
0.07851268351078033,0.11564362049102783,1.5174480676651
-0.03515766188502312,0.006978273391723633,1.3277125358581543
-0.1226634532213211,0.020623207092285156,1.2568786144256592
-0.043194979429244995,0.10728883743286133,1.2612253427505493
0.16761955618858337,0.06329482793807983,1.3055026531219482
0.30182257294654846,0.2035699188709259,1.3616656064987183
0.20150865614414215,0.2833634614944458,1.4907405376434326
