-5.0461703722248785e-06,-9.981689800042659e-06,0.9064165949821472
0.11430352926254272,0.011514034122228622,0.8953513503074646
0.04259417578577995,-0.01903483271598816,0.4487665891647339
-0.057215020060539246,-0.12869524955749512,0.027145206928253174
-0.11430983245372772,-0.011528480798006058,0.9173892140388489
-0.18546420335769653,-0.07217812538146973,0.4815196394920349
-0.1658211648464203,-0.30939120054244995,0.11038672924041748
0.012276283465325832,-0.02197299897670746,1.1384207010269165
0.03747180849313736,0.02939346432685852,1.3843305110931396
0.06487010419368744,0.11565166711807251,1.4567912817001343
0.06173958256840706,0.09172308444976807,1.561261773109436
-0.0734214335680008,0.01742309331893921,1.3259284496307373
-0.18877065181732178,-0.0012874752283096313,1.0639262199401855
-0.13759294152259827,0.05899350345134735,0.8783454298973083
0.1401587724685669,0.017908871173858643,1.2961808443069458
0.23938453197479248,0.002869918942451477,1.0280123949050903
0.22411051392555237,0.12554216384887695,0.8810526728630066
