-5.360358954931144e-06,-1.0609070159262046e-05,0.9064151644706726
0.10620111227035522,0.028661934658885002,0.8877063989639282
0.011182112619280815,-0.00047200918197631836,0.4574987590312958
-0.06370843946933746,-0.1302134394645691,0.031404733657836914
-0.10620619356632233,-0.02867146022617817,0.9250378608703613
-0.300312876701355,-0.019605904817581177,0.5645111799240112
-0.24545882642269135,-0.24681919813156128,0.20566272735595703
0.025549858808517456,-0.007497876882553101,1.1343456506729126
0.042365558445453644,0.054434001445770264,1.3776674270629883
0.054043080657720566,0.1383969485759735,1.4383995532989502
0.05671890452504158,0.12809902429580688,1.550204873085022
-0.0634673684835434,0.023536860942840576,1.3185148239135742
-0.16556967794895172,0.01616889238357544,1.0683451890945435
-0.06752190738916397,0.07930533587932587,1.0259201526641846
0.14528310298919678,0.06306874752044678,1.3035507202148438
0.27146321535110474,0.12210774421691895,1.0840083360671997
0.14982637763023376,0.2387513816356659,1.1617505550384521
