-3.943681804230437e-06,-1.2791602785000578e-05,0.9064260125160217
0.10291707515716553,0.03675822913646698,0.8761144876480103
0.00732097402215004,0.006723731756210327,0.4501834511756897
-0.0680798590183258,-0.12842518091201782,0.035010576248168945
-0.10292647778987885,-0.036778099834918976,0.9366339445114136
-0.3327038288116455,0.0022493302822113037,0.6353534460067749
-0.2722824513912201,-0.28084444999694824,0.3172048330307007
0.04725601524114609,0.00224459171295166,1.1363900899887085
0.07045409083366394,0.04546135663986206,1.3785594701766968
0.08738955855369568,0.1322389841079712,1.4360058307647705
0.08713820576667786,0.11924278736114502,1.534411907196045
-0.036001794040203094,0.005610257387161255,1.34536612033844
-0.1496099829673767,0.007343590259552002,1.2307411432266235
-0.058261938393116,0.06922835111618042,1.232463002204895
0.1720251739025116,0.06883183121681213,1.305644154548645
0.3114182949066162,0.20980390906333923,1.2662625312805176
0.21057011187076569,0.3379272520542145,1.3967256546020508
