-2.92210461338982e-06,-1.0484134691068903e-05,0.9064133167266846
0.10913510620594025,0.020054904744029045,0.8901532888412476
0.011488908901810646,-0.011942863464355469,0.4593391418457031
-0.07380669564008713,-0.14170044660568237,0.04055309295654297
-0.10913890600204468,-0.020064735785126686,0.9225901365280151
-0.2751026153564453,-0.02250024676322937,0.5279898047447205
-0.24238106608390808,-0.22170519828796387,0.14317524433135986
0.02498917654156685,-0.01207934319972992,1.136630892753601
0.03901518136262894,0.04591277241706848,1.3790104389190674
0.05498619005084038,0.13055968284606934,1.4369924068450928
0.05851029232144356,0.1153033971786499,1.5497446060180664
-0.06821611523628235,0.020274192094802856,1.3172414302825928
-0.1736917495727539,0.00812499225139618,1.0645346641540527
-0.10251053422689438,0.0717538446187973,0.9501109719276428
0.146567240357399,0.0511283278465271,1.3091187477111816
0.28199851512908936,0.1276412308216095,1.103400468826294
0.1614934504032135,0.23547130823135376,1.2183537483215332
