-5.147508090885822e-07,-1.1886579159181565e-05,0.9064114689826965
0.10597147047519684,-0.022118477150797844,0.913007378578186
0.0772167518734932,-0.06487804651260376,0.4743703305721283
0.03281894326210022,-0.17898684740066528,0.03774857521057129
-0.10597456991672516,0.022104619070887566,0.8997329473495483
-0.09551909565925598,-0.06576460599899292,0.4604033827781677
-0.08718590438365936,-0.23672592639923096,0.0415840744972229
-0.008086041547358036,-0.02970312535762787,1.1357165575027466
0.01894192397594452,0.02911776304244995,1.3727201223373413
0.05485978722572327,0.10975325107574463,1.4430533647537231
0.05952546373009682,0.09018927812576294,1.5467593669891357
-0.08426706492900848,0.04461738467216492,1.3054066896438599
-0.1994101107120514,0.04833182692527771,1.0393996238708496
-0.1783992350101471,0.1027105376124382,0.826324999332428
0.11050153523683548,-0.014104694128036499,1.2948148250579834
0.19482360780239105,-0.06598033756017685,1.0223884582519531
0.21306252479553223,0.013617299497127533,0.8203585147857666
