-1.6873491404112428e-06,-1.0044412192655727e-05,0.9064157605171204
0.1091882735490799,0.000319531187415123,0.8927132487297058
0.015326730906963348,-0.04940959811210632,0.45611825585365295
-0.06940821558237076,-0.17547911405563354,0.03990471363067627
-0.10919411480426788,-0.0003338512033224106,0.9200286269187927
-0.1748475432395935,-0.04905354976654053,0.4809182286262512
-0.18955042958259583,-0.24886471033096313,0.08995473384857178
0.019689830020070076,-0.012814998626708984,1.144552230834961
0.050371505320072174,0.040626704692840576,1.387019157409668
0.08372794091701508,0.1201324462890625,1.4589296579360962
0.08823421597480774,0.09360027313232422,1.5610225200653076
-0.0668082982301712,0.03290826082229614,1.335108757019043
-0.24749979376792908,0.012569010257720947,1.1090023517608643
-0.3361247777938843,0.11252659559249878,0.9226256608963013
0.15009990334510803,0.015134960412979126,1.2995367050170898
0.26468217372894287,-0.05411158502101898,1.050281286239624
0.36656856536865234,0.01242704689502716,0.8775539994239807
