-3.113153070444241e-06,-1.419277032255195e-05,0.9064276218414307
0.10214035212993622,0.036684807389974594,0.8752313256263733
0.01178491860628128,0.01508978009223938,0.4524345099925995
-0.05947532504796982,-0.11928844451904297,0.03631448745727539
-0.10214927792549133,-0.03670518845319748,0.937518298625946
-0.3361460566520691,-0.004719719290733337,0.6508650779724121
-0.27751827239990234,-0.2862728536128998,0.33464932441711426
0.04872538149356842,0.004801198840141296,1.1357083320617676
0.06891277432441711,0.044692933559417725,1.3755085468292236
0.08676210790872574,0.1341349482536316,1.4347527027130127
0.08323425054550171,0.11752718687057495,1.5299626588821411
-0.03749960660934448,0.006995528936386108,1.339898705482483
-0.1406354457139969,0.0121440589427948,1.2561110258102417
-0.04974832385778427,0.0795937180519104,1.25203275680542
0.17047026753425598,0.06695631146430969,1.305772304534912
0.3015703558921814,0.20519506931304932,1.3184642791748047
0.19989703595638275,0.3192024230957031,1.4507341384887695
