-1.0611765901558101e-06,-1.5015360986581072e-05,0.9064280986785889
0.10585546493530273,0.01967465877532959,0.880993664264679
0.014901245012879372,0.007892906665802002,0.4499591290950775
-0.06233016774058342,-0.11765527725219727,0.02727431058883667
-0.10586447268724442,-0.019693175330758095,0.9317547678947449
-0.3084864616394043,-0.030437171459197998,0.6604124307632446
-0.3301093280315399,-0.28263843059539795,0.32051706314086914
0.040969882160425186,-0.0032236576080322266,1.1314972639083862
0.051295939832925797,0.036681413650512695,1.371268391609192
0.06642330437898636,0.12979945540428162,1.4263617992401123
0.06399308890104294,0.11322522163391113,1.5218875408172607
-0.05685143917798996,0.019029617309570312,1.3292189836502075
-0.163884699344635,0.0514865517616272,1.1836827993392944
-0.08578379452228546,0.14232805371284485,1.1703331470489502
0.1554858684539795,0.040874749422073364,1.3065574169158936
0.29865360260009766,0.16120857000350952,1.2790156602859497
0.19910213351249695,0.26059603691101074,1.40289306640625
