2.0590150597854517e-06,-1.5169905964285135e-05,0.9064266085624695
0.07675720006227493,-0.10023626685142517,0.929407000541687
0.24137067794799805,-0.2452588677406311,0.5954548120498657
0.010580644011497498,-0.4577944278717041,0.2763500213623047
-0.07675875723361969,0.10021595656871796,0.8833411335945129
-0.018458064645528793,0.037011176347732544,0.4412589371204376
-0.027410324662923813,-0.13614529371261597,0.011653542518615723
-0.018638940528035164,0.00735945999622345,1.1379420757293701
0.02225009724497795,0.046143561601638794,1.3861569166183472
0.08538495749235153,0.1358867585659027,1.4382476806640625
0.07449937611818314,0.1117936372756958,1.5440199375152588
-0.06541351974010468,0.12829184532165527,1.3227386474609375
-0.10943603515625,0.2599417567253113,1.1739177703857422
0.021827101707458496,0.2544770836830139,1.254141092300415
0.09806220233440399,-0.05319654941558838,1.3329402208328247
0.21898432075977325,-0.06263886392116547,1.1476882696151733
0.18544483184814453,0.10160940885543823,1.2398216724395752
