6.102527549955994e-06,-1.8157385056838393e-05,0.9064276814460754
0.07118374109268188,-0.08528594672679901,0.9371239542961121
0.24628996849060059,-0.24642401933670044,0.6419246196746826
0.09513068199157715,-0.4673476219177246,0.3075680732727051
-0.07118737697601318,0.08526251465082169,0.8756256103515625
-0.008361909538507462,0.013973385095596313,0.44374552369117737
-0.02247556298971176,-0.14581578969955444,0.021346867084503174
-0.011662105098366737,0.032714664936065674,1.1441612243652344
0.015590811148285866,0.06218653917312622,1.3809655904769897
0.08086036145687103,0.14728057384490967,1.4298909902572632
0.0783197432756424,0.12069374322891235,1.5289523601531982
-0.06890387833118439,0.14193078875541687,1.325141429901123
-0.09558621048927307,0.3126208782196045,1.4079902172088623
0.04708632826805115,0.2667723298072815,1.5200233459472656
0.08758245408535004,-0.031876593828201294,1.3427067995071411
0.21360985934734344,-0.032709360122680664,1.3450061082839966
0.17097917199134827,0.10301417112350464,1.4518580436706543
