-1.719038664305117e-06,-9.944455086952075e-06,0.9064152836799622
0.10919160395860672,0.0010253433138132095,0.8928170204162598
0.013970866799354553,-0.04895198345184326,0.45656847953796387
-0.06949687004089355,-0.1754494309425354,0.04093897342681885
-0.10919728875160217,-0.001039678230881691,0.9199246168136597
-0.1778799295425415,-0.045163094997406006,0.4829004406929016
-0.1900882124900818,-0.24977624416351318,0.09515523910522461
0.020906277000904083,-0.014048457145690918,1.1445502042770386
0.052109744399785995,0.03980988264083862,1.386859655380249
0.08565088361501694,0.11942946910858154,1.4597866535186768
0.09138188511133194,0.09210187196731567,1.5618748664855957
-0.06449858844280243,0.031543880701065063,1.3344461917877197
-0.23743891716003418,0.011153772473335266,1.10283625125885
-0.32074812054634094,0.10684508085250854,0.9110989570617676
0.15163899958133698,0.016025394201278687,1.2986706495285034
0.2606982886791229,-0.044233039021492004,1.0462154150009155
0.3507182002067566,0.02272825688123703,0.8661841154098511
