1.4614770407206379e-06,-1.3532240700442344e-05,0.9064233303070068
0.07951312512159348,-0.08757786452770233,0.933806836605072
0.2426440715789795,-0.2407509982585907,0.6013306379318237
0.07499116659164429,-0.45376771688461304,0.2595750093460083
-0.07951553165912628,0.08755450695753098,0.8789403438568115
-0.012569091282784939,0.01366075873374939,0.4383358657360077
-0.023595884442329407,-0.1540910005569458,0.015470802783966064
-0.02068924531340599,0.013457655906677246,1.1436423063278198
0.007738472893834114,0.040676772594451904,1.3891078233718872
0.0711851641535759,0.12800681591033936,1.441201090812683
0.06695085763931274,0.10129791498184204,1.5428831577301025
-0.08172163367271423,0.12086290121078491,1.3304129838943481
-0.1282847374677658,0.29246610403060913,1.2923402786254883
0.024290718138217926,0.27259618043899536,1.384871482849121
0.087910957634449,-0.04864111542701721,1.3449064493179321
0.2303713709115982,-0.025978177785873413,1.2432260513305664
0.17950022220611572,0.14725148677825928,1.3431992530822754
