-5.6227918321383186e-06,-1.5024335880298167e-05,0.9064309000968933
0.09549525380134583,0.0335850715637207,0.8755146265029907
0.0183413028717041,0.02208980917930603,0.46325692534446716
-0.03891327977180481,-0.11460834741592407,0.03874760866165161
-0.09550373256206512,-0.033607348799705505,0.9372364282608032
-0.33278167247772217,-0.04684433341026306,0.7088247537612915
-0.3264670670032501,-0.27163180708885193,0.37055230140686035
0.05450097471475601,0.009138226509094238,1.1298809051513672
0.07090883702039719,0.03934997320175171,1.3674578666687012
0.08550535887479782,0.13125377893447876,1.4255746603012085
0.0848238617181778,0.11414748430252075,1.5181132555007935
-0.030509505420923233,0.005767077207565308,1.3267545700073242
-0.11557994037866592,0.019528687000274658,1.2671306133270264
-0.04549558460712433,0.10340690612792969,1.2656502723693848
0.1698458194732666,0.06146177649497986,1.3062770366668701
0.2967635989189148,0.20138615369796753,1.3774487972259521
0.20210520923137665,0.27213454246520996,1.5060102939605713
