-2.4466344257234596e-06,-1.0142484825337306e-05,0.9064107537269592
0.09595350176095963,-0.05460928753018379,0.9123312830924988
0.0662374496459961,-0.12130406498908997,0.4674074649810791
-0.026328295469284058,-0.2482573390007019,0.04241812229156494
-0.09595859050750732,0.05459032207727432,0.9004079699516296
-0.08770494163036346,0.00256231427192688,0.45758792757987976
-0.11927714198827744,-0.1342715620994568,0.030079245567321777
-0.01401606947183609,-0.023247510194778442,1.1465075016021729
0.005632748827338219,0.03976583480834961,1.3929181098937988
0.044106144458055496,0.12004691362380981,1.4583734273910522
0.04181094095110893,0.09865951538085938,1.5647281408309937
-0.08811983466148376,0.07597410678863525,1.315432071685791
-0.21680136024951935,0.08449687063694,1.054073691368103
-0.21411919593811035,0.16116292774677277,0.8535031676292419
0.08997148275375366,-0.025293469429016113,1.325263500213623
0.18053515255451202,-0.113859623670578,1.064625859260559
0.22695985436439514,-0.034627534449100494,0.8656516075134277
