6.210742867551744e-06,-1.8829767213901505e-05,0.906427264213562
0.07206865400075912,-0.0921970009803772,0.9356748461723328
0.24387207627296448,-0.27165061235427856,0.6581471562385559
0.06350532174110413,-0.4891165792942047,0.3370969295501709
-0.07207249104976654,0.0921732634305954,0.8770761489868164
-0.01089586690068245,0.037370502948760986,0.4425310492515564
-0.03387248143553734,-0.11912471055984497,0.018412351608276367
-0.009375615045428276,0.027561962604522705,1.137412190437317
0.024404840543866158,0.05542910099029541,1.3724638223648071
0.0898524820804596,0.14452889561653137,1.4239180088043213
0.07646393030881882,0.11782282590866089,1.5209109783172607
-0.06114223599433899,0.13688886165618896,1.311542272567749
-0.08243803679943085,0.2932875156402588,1.339328408241272
0.037465788424015045,0.26970231533050537,1.4408574104309082
0.09601318836212158,-0.04142692685127258,1.3324651718139648
0.20199280977249146,-0.056510597467422485,1.2819784879684448
0.19284772872924805,0.10537558794021606,1.3651888370513916
