4.826515578315593e-07,-1.205440639751032e-05,0.9064139127731323
0.09068086743354797,-0.0738801434636116,0.9234728813171387
0.1611945629119873,-0.18759620189666748,0.501101016998291
0.04639381170272827,-0.3665149211883545,0.11610037088394165
-0.09068173170089722,0.07386361062526703,0.8892706632614136
-0.04067836329340935,-0.00560954213142395,0.4517522156238556
-0.03452020883560181,-0.175157368183136,0.03346747159957886
-0.024173235520720482,-0.009380608797073364,1.140860915184021
0.007467962801456451,0.030732691287994385,1.3904776573181152
0.055434584617614746,0.11335110664367676,1.4536070823669434
0.052123457193374634,0.08571535348892212,1.5622937679290771
-0.0873405933380127,0.09594878554344177,1.3291723728179932
-0.17416857182979584,0.20859725773334503,1.1438864469528198
-0.00544380396604538,0.21740569174289703,1.1581413745880127
0.09235981106758118,-0.042691588401794434,1.3257668018341064
0.21519333124160767,-0.05283713340759277,1.1107746362686157
0.13027316331863403,0.10459868609905243,1.1389224529266357
