8.852471182763111e-07,-1.0903258953476325e-05,0.9064086675643921
0.10380230844020844,-0.03726277872920036,0.905378520488739
0.028524182736873627,-0.09690350294113159,0.4634363353252411
-0.07003964483737946,-0.22350692749023438,0.039212942123413086
-0.1038069799542427,0.037247639149427414,0.9073600172996521
-0.13944163918495178,-0.00926220417022705,0.46061429381370544
-0.18275922536849976,-0.15421909093856812,0.036283254623413086
0.0035573546774685383,-0.021389871835708618,1.146302580833435
0.04212203249335289,0.030915945768356323,1.3888890743255615
0.08610990643501282,0.1078452467918396,1.4621059894561768
0.09149689972400665,0.08252894878387451,1.5630923509597778
-0.06382489204406738,0.0605311393737793,1.3264524936676025
-0.19791242480278015,0.08675083518028259,1.0744961500167847
-0.15056905150413513,0.16114863753318787,0.8863412141799927
0.13077405095100403,-0.022753417491912842,1.307576060295105
0.23851841688156128,-0.09111673384904861,1.0505650043487549
0.22548437118530273,0.03523309901356697,0.8885316848754883
