-4.5746201067231596e-06,-9.684910764917731e-06,0.9064117670059204
0.11074566841125488,-0.00648588128387928,0.8954021334648132
0.026849746704101562,-0.045098185539245605,0.4660181403160095
-0.07571584731340408,-0.18469369411468506,0.05270087718963623
-0.11075080931186676,0.0064749689772725105,0.9173354506492615
-0.19130867719650269,-0.04090017080307007,0.4864855706691742
-0.214222252368927,-0.22102630138397217,0.08114999532699585
0.011284193024039268,-0.03202150762081146,1.1351804733276367
0.035235658288002014,0.016652047634124756,1.382714867591858
0.06179174408316612,0.10100436210632324,1.4539520740509033
0.06275181472301483,0.07713258266448975,1.5582473278045654
-0.07177769392728806,0.0203666090965271,1.3242905139923096
-0.18774718046188354,0.037052348256111145,1.0690186023712158
-0.08359439671039581,0.1057913601398468,0.9434117078781128
0.1350405514240265,-0.003703981637954712,1.2968738079071045
0.24728402495384216,-0.015307188034057617,1.0370433330535889
0.16977891325950623,0.1391303539276123,0.9721556901931763
