-1.1054362403228879e-07,-1.249110937351361e-05,0.9064196348190308
0.10561701655387878,-0.04885150492191315,0.9150402545928955
0.09090374410152435,-0.11805623769760132,0.4696056544780731
0.027710899710655212,-0.26009058952331543,0.041792333126068115
-0.10561950504779816,0.048834748566150665,0.8977036476135254
-0.06898248940706253,-0.02418076992034912,0.45209014415740967
-0.05999336019158363,-0.1730690598487854,0.029816806316375732
-0.011343293823301792,-0.021777257323265076,1.1506479978561401
-0.002292705699801445,-0.007175415754318237,1.3998337984085083
0.039564333856105804,0.09512239694595337,1.454148769378662
0.0382084883749485,0.06261146068572998,1.5584889650344849
-0.10967147350311279,0.04280656576156616,1.3501832485198975
-0.17990773916244507,0.18695330619812012,1.3422058820724487
-0.05295751988887787,0.18580135703086853,1.3761118650436401
0.10191240906715393,-0.05603674054145813,1.347373366355896
0.24732936918735504,0.015767455101013184,1.3239328861236572
0.15574213862419128,0.12443238496780396,1.3896805047988892
