4.904677552985959e-06,-1.5478140994673595e-05,0.9064247012138367
0.07724100351333618,-0.08453699201345444,0.9350608587265015
0.23632502555847168,-0.22181886434555054,0.5744588971138
0.09187853336334229,-0.43082255125045776,0.2216888666152954
-0.07724371552467346,0.0845152884721756,0.877687394618988
-0.018424449488520622,-0.003510892391204834,0.43193376064300537
-0.026682645082473755,-0.16479414701461792,0.014537692070007324
-0.012902097776532173,0.021181657910346985,1.1466093063354492
0.014006415382027626,0.05486130714416504,1.3866543769836426
0.07485760748386383,0.13693159818649292,1.4404523372650146
0.07185611873865128,0.10872596502304077,1.539184808731079
-0.07260370254516602,0.1374484896659851,1.3321712017059326
-0.1011715680360794,0.3132338225841522,1.3705588579177856
0.04958561062812805,0.2670435309410095,1.469211459159851
0.08852173388004303,-0.039776116609573364,1.347057580947876
0.218074232339859,-0.060737282037734985,1.3085767030715942
0.16405688226222992,0.08442670106887817,1.408402919769287
