1.40907104650978e-07,-1.3108285202179104e-05,0.9064153432846069
0.08496837317943573,-0.08400825411081314,0.9215818047523499
0.17566624283790588,-0.19757187366485596,0.513863205909729
0.009999871253967285,-0.38326913118362427,0.15101605653762817
-0.08497065305709839,0.0839911699295044,0.891160249710083
-0.04863358289003372,0.022380948066711426,0.45366591215133667
-0.042477622628211975,-0.14186489582061768,0.02524590492248535
-0.017952222377061844,-0.008627906441688538,1.1389238834381104
0.022172093391418457,0.04213237762451172,1.3884506225585938
0.07246410101652145,0.12341475486755371,1.4534133672714233
0.06617116183042526,0.10277587175369263,1.5639891624450684
-0.06562545150518417,0.10828617215156555,1.3172056674957275
-0.15785008668899536,0.17930030822753906,1.0773261785507202
-0.01048898696899414,0.21546271443367004,1.0475826263427734
0.0993032306432724,-0.0438389778137207,1.3207769393920898
0.2090771198272705,-0.082686647772789,1.0711078643798828
0.15106239914894104,0.07252451777458191,1.0562644004821777
