2.3861994122853503e-06,-1.538774449727498e-05,0.906427264213562
0.07702866196632385,-0.10013961791992188,0.9302492141723633
0.24292302131652832,-0.2484893798828125,0.6023311614990234
0.01576952636241913,-0.4592093825340271,0.281383752822876
-0.07703017443418503,0.10011891275644302,0.8824994564056396
-0.016716811805963516,0.03769564628601074,0.43966609239578247
-0.02673221379518509,-0.1354963183403015,0.011187851428985596
-0.017108846455812454,0.009381935000419617,1.1380486488342285
0.022323431447148323,0.04662194848060608,1.3855841159820557
0.0866374522447586,0.13726460933685303,1.4355443716049194
0.07443922013044357,0.11284363269805908,1.5412131547927856
-0.06574305146932602,0.12925994396209717,1.3227120637893677
-0.10791197419166565,0.26578259468078613,1.1885879039764404
0.02174527943134308,0.26016345620155334,1.274327278137207
0.09863754361867905,-0.05277732014656067,1.3342381715774536
0.21806547045707703,-0.06188380718231201,1.157857060432434
0.1883135437965393,0.10351994633674622,1.2525166273117065
