-2.4860382836777717e-06,-1.1652413377305493e-05,0.9064127802848816
0.10662572085857391,-0.03248859941959381,0.9142394661903381
0.06569015234708786,-0.10262152552604675,0.46845191717147827
-0.00957624614238739,-0.2481977343559265,0.04219222068786621
-0.10662773251533508,0.03247711434960365,0.898499071598053
-0.10440210998058319,-0.04362380504608154,0.45454221963882446
-0.10765671730041504,-0.20005905628204346,0.026906490325927734
-0.010837418958544731,-0.021573185920715332,1.1434296369552612
0.009793510660529137,0.019760102033615112,1.395336389541626
0.04583536833524704,0.10076260566711426,1.4622013568878174
0.04370701685547829,0.07334107160568237,1.5713573694229126
-0.09448085725307465,0.04863351583480835,1.3302481174468994
-0.20193102955818176,0.10303454101085663,1.099284291267395
-0.046094417572021484,0.13788631558418274,1.0955904722213745
0.10913050174713135,-0.021487504243850708,1.3242361545562744
0.23250752687454224,-0.012765571475028992,1.0819244384765625
0.1195625513792038,0.14097563922405243,1.104748010635376
