7.4845484050456434e-06,-1.9386414351174608e-05,0.9064277410507202
0.06924595683813095,-0.09020091593265533,0.936174750328064
0.24155884981155396,-0.2659223675727844,0.6658115386962891
0.07115980982780457,-0.4816746115684509,0.3438786268234253
-0.06925026327371597,0.09017641842365265,0.8765766620635986
-0.009984370321035385,0.03283095359802246,0.44663557410240173
-0.03292344883084297,-0.12126821279525757,0.0219346284866333
-0.009396996349096298,0.029278218746185303,1.1379705667495728
0.026369895786046982,0.053680211305618286,1.373403549194336
0.09089198708534241,0.14428752660751343,1.423584222793579
0.0814729630947113,0.11754196882247925,1.5235730409622192
-0.05772078037261963,0.1364736557006836,1.3143501281738281
-0.08017949759960175,0.2972698211669922,1.3608161211013794
0.03130647540092468,0.2748343348503113,1.4546091556549072
0.09433406591415405,-0.04262101650238037,1.3316679000854492
0.19362413883209229,-0.06017035245895386,1.2974445819854736
0.19774898886680603,0.09349080920219421,1.368473768234253
