-1.409407559549436e-07,-1.1671927495626733e-05,0.9064106941223145
0.1065540462732315,-0.019468078389763832,0.9125267267227173
0.0679759755730629,-0.05702999234199524,0.4658147096633911
0.02252017706632614,-0.1620548963546753,0.027132630348205566
-0.1065572202205658,0.01945415511727333,0.9002135992050171
-0.10223805159330368,-0.0712631344795227,0.4628937840461731
-0.103861004114151,-0.26372313499450684,0.05733788013458252
-0.007489048410207033,-0.028215914964675903,1.1364761590957642
0.01773161254823208,0.02882280945777893,1.374725103378296
0.05209020525217056,0.11076945066452026,1.4460138082504272
0.05470583587884903,0.08999073505401611,1.5490673780441284
-0.08587218821048737,0.04423537850379944,1.3082491159439087
-0.20054981112480164,0.05124726891517639,1.0436174869537354
-0.1703745573759079,0.10922388732433319,0.836503267288208
0.11086388677358627,-0.011551082134246826,1.295662522315979
0.19650554656982422,-0.05518955737352371,1.021994709968567
0.2048950493335724,0.03201940655708313,0.8262424468994141
