-1.2354357750155032e-06,-1.0650092008290812e-05,0.9064092040061951
0.09590445458889008,-0.060015350580215454,0.9195934534072876
0.11719360947608948,-0.15021559596061707,0.47812068462371826
0.035920992493629456,-0.31371641159057617,0.07379114627838135
-0.09590569883584976,0.06000133976340294,0.8931468725204468
-0.05384161323308945,-0.017954319715499878,0.4559978246688843
-0.04799969866871834,-0.1920170783996582,0.04089885950088501
-0.021316127851605415,-0.015518859028816223,1.140891432762146
0.005139237269759178,0.034136056900024414,1.3919057846069336
0.045895062386989594,0.11211609840393066,1.4603796005249023
0.0418279767036438,0.08681082725524902,1.5698788166046143
-0.08967825770378113,0.08436566591262817,1.3249180316925049
-0.19374284148216248,0.1519295871257782,1.096097707748413
-0.034217387437820435,0.1814412772655487,1.0539621114730835
0.09302307665348053,-0.02945426106452942,1.3217558860778809
0.2192220389842987,-0.05697071552276611,1.080369472503662
0.13008810579776764,0.0972425788640976,1.0548617839813232
