-6.928580660314765e-07,-1.1811414879048243e-05,0.9064124822616577
0.09270400553941727,-0.06792594492435455,0.9216362237930298
0.14046044647693634,-0.1723436415195465,0.48795363306999207
0.04066161811351776,-0.342723548412323,0.09269583225250244
-0.09270502626895905,0.06791045516729355,0.8911054134368896
-0.0435219407081604,-0.009394556283950806,0.45469969511032104
-0.03960014879703522,-0.17947250604629517,0.039093971252441406
-0.022329464554786682,-0.01211056113243103,1.1403815746307373
0.006556004285812378,0.03287363052368164,1.3911831378936768
0.05086870491504669,0.11314380168914795,1.4576077461242676
0.04660344496369362,0.08660566806793213,1.5668696165084839
-0.0881941169500351,0.0916130542755127,1.3269989490509033
-0.1833501160144806,0.18099670112133026,1.1196708679199219
-0.017446182668209076,0.2007354199886322,1.1152665615081787
0.09276561439037323,-0.03660207986831665,1.3236569166183472
0.21462680399417877,-0.05692301690578461,1.093055248260498
0.1273396611213684,0.100406214594841,1.1026744842529297
