1.5503719623666257e-06,-7.561804522993043e-06,0.9522606134414673
0.12793660163879395,-0.0606093667447567,0.9638431072235107
0.0803963840007782,-0.10888940095901489,0.479824960231781
0.04002583026885986,-0.22188985347747803,0.034521639347076416
-0.12793812155723572,0.06059987097978592,0.9406173229217529
-0.16886448860168457,0.025007307529449463,0.4569236636161804
-0.22843025624752045,-0.06212818622589111,0.008211195468902588
-0.04715655371546745,-0.04440408945083618,1.2043277025222778
-0.011023744940757751,0.02224564552307129,1.449730634689331
0.0354435071349144,0.09573709964752197,1.5270617008209229
0.036587897688150406,0.05203443765640259,1.6292171478271484
-0.12903167307376862,0.062023699283599854,1.3767240047454834
-0.23432008922100067,0.04244476556777954,1.1063151359558105
-0.25397393107414246,0.0940573513507843,0.8614315986633301
0.09562399983406067,-0.04560473561286926,1.3716048002243042
0.1670256406068802,-0.13324087858200073,1.094871163368225
0.20526979863643646,-0.09038165211677551,0.8502660393714905
