1.3218291314842645e-06,-5.79422885493841e-06,0.9522631168365479
0.12479476630687714,-0.06073899567127228,0.9663799405097961
0.10277503728866577,-0.09288185834884644,0.47954118251800537
0.08117443323135376,-0.2174232006072998,0.03342932462692261
-0.12479639053344727,0.060729678720235825,0.9380864500999451
-0.14851070940494537,0.017262905836105347,0.4556029438972473
-0.21559777855873108,-0.09904080629348755,0.019877254962921143
-0.05345325171947479,-0.037194862961769104,1.204778790473938
0.007407298311591148,-0.03188064694404602,1.4544732570648193
0.04842193052172661,0.05661994218826294,1.521416425704956
0.055772438645362854,0.020701706409454346,1.6292729377746582
-0.10904309153556824,0.03905308246612549,1.4323310852050781
-0.2178499698638916,0.22413262724876404,1.3573449850082397
-0.15559738874435425,0.33719712495803833,1.5416643619537354
0.09521106630563736,-0.10194271802902222,1.3546925783157349
0.14526772499084473,-0.1827959418296814,1.0669968128204346
0.1974184513092041,-0.1276472806930542,0.834596574306488
