2.456774382153526e-06,-8.444374543614686e-06,0.9522651433944702
0.12429594993591309,-0.06658227741718292,0.966124951839447
0.07757382094860077,-0.10300624370574951,0.4797776937484741
0.028009966015815735,-0.22228866815567017,0.036123812198638916
-0.1242971420288086,0.06657329946756363,0.9383394718170166
-0.16889965534210205,0.03470015525817871,0.4553912281990051
-0.24887079000473022,-0.05345284938812256,0.013167321681976318
-0.064576655626297,-0.037435680627822876,1.2010902166366577
-0.01972634345293045,-0.023015916347503662,1.454498052597046
0.02367899939417839,0.060127973556518555,1.5219459533691406
0.028855308890342712,0.02402675151824951,1.6309125423431396
-0.13916972279548645,0.0490303635597229,1.4144881963729858
-0.23442429304122925,0.2538082003593445,1.2876070737838745
-0.14208072423934937,0.3242415487766266,1.4986557960510254
0.07815584540367126,-0.09594488143920898,1.3675071001052856
0.153425395488739,-0.18267011642456055,1.0889625549316406
0.21574047207832336,-0.11256325244903564,0.8597278594970703
