3.0904266168363392e-06,-8.33740341477096e-06,0.9522612690925598
0.12521782517433167,-0.06240145117044449,0.9685525894165039
0.08499577641487122,-0.10249572992324829,0.4797506332397461
0.050604090094566345,-0.21698236465454102,0.0295904278755188
-0.12521874904632568,0.062392666935920715,0.9359092712402344
-0.1621381640434265,0.029095739126205444,0.44816821813583374
-0.22748306393623352,-0.06426721811294556,0.0034929513931274414
-0.06202054023742676,-0.04428622126579285,1.2002365589141846
-0.03229305148124695,-0.002633601427078247,1.453507900238037
0.0036064796149730682,0.08847224712371826,1.5140347480773926
0.00023113936185836792,0.06896674633026123,1.6290411949157715
-0.14413830637931824,0.05937838554382324,1.3924610614776611
-0.20954781770706177,0.21199029684066772,1.1959588527679443
-0.10979399085044861,0.24163582921028137,1.389512300491333
0.06810502707958221,-0.07388415932655334,1.3782453536987305
0.14547565579414368,-0.167302206158638,1.1006700992584229
0.213527113199234,-0.10625637322664261,0.8652006387710571
