3.1322042559622787e-06,-8.46554758027196e-06,0.9522616267204285
0.1251465529203415,-0.06265312433242798,0.9687622785568237
0.08515140414237976,-0.10321837663650513,0.4795446991920471
0.05002586543560028,-0.2183436155319214,0.029878437519073486
-0.12514761090278625,0.06264431774616241,0.9356995224952698
-0.1634853482246399,0.03087228536605835,0.4474998116493225
-0.22899670898914337,-0.06174790859222412,0.0025078654289245605
-0.06232016906142235,-0.043787628412246704,1.2002495527267456
-0.03306231647729874,-0.0019708871841430664,1.4530653953552246
0.004237920045852661,0.08992880582809448,1.5127391815185547
-0.00014225393533706665,0.07020753622055054,1.6277368068695068
-0.14501453936100006,0.06030920147895813,1.3918453454971313
-0.20879700779914856,0.21552950143814087,1.1962592601776123
-0.11092478036880493,0.2446034550666809,1.3910408020019531
0.06726528704166412,-0.0732940137386322,1.3785815238952637
0.14544588327407837,-0.16694073379039764,1.1008788347244263
0.21394279599189758,-0.10675109177827835,0.863996148109436
