2.483232492522802e-06,-7.188906238297932e-06,0.952263593673706
0.12818904221057892,-0.059352971613407135,0.9625874161720276
0.07692079991102219,-0.10149627923965454,0.4785326421260834
0.03160396218299866,-0.21564257144927979,0.033355712890625
-0.1281922310590744,0.05934358760714531,0.9418767690658569
-0.16795772314071655,0.04935845732688904,0.45610618591308594
-0.23751667141914368,-0.033096909523010254,0.014036774635314941
-0.03986258804798126,-0.044808030128479004,1.2027735710144043
0.020525313913822174,-0.02357843518257141,1.454660415649414
0.056171610951423645,0.06511825323104858,1.5243966579437256
0.06418676674365997,0.029047667980194092,1.6307823657989502
-0.10615937411785126,0.03213769197463989,1.4184387922286987
-0.25969547033309937,0.1599193513393402,1.2675371170043945
-0.23235869407653809,0.2874581217765808,1.4494231939315796
0.11676719784736633,-0.08946970105171204,1.3607704639434814
0.16600880026817322,-0.17093414068222046,1.074558973312378
0.2074134349822998,-0.09690670669078827,0.8406264781951904
