1.5129116945900023e-06,-6.418289558496326e-06,0.9522629976272583
0.12790244817733765,-0.058811038732528687,0.9631351232528687
0.08730512857437134,-0.09511196613311768,0.4766113758087158
0.047572746872901917,-0.2113809585571289,0.030162513256072998
-0.12790551781654358,0.05880190432071686,0.9413294792175293
-0.1607254445552826,0.042444705963134766,0.4566088914871216
-0.2306590974330902,-0.047574520111083984,0.016797244548797607
-0.03894664719700813,-0.04608607292175293,1.202420949935913
0.020324446260929108,-0.02424350380897522,1.454148292541504
0.052077505737543106,0.06871384382247925,1.52045476436615
0.058297961950302124,0.03768879175186157,1.6301323175430298
-0.1059592217206955,0.030316650867462158,1.4203455448150635
-0.26408886909484863,0.16645368933677673,1.283479928970337
-0.23471477627754211,0.2851850688457489,1.4771088361740112
0.11716786026954651,-0.08860763907432556,1.3597078323364258
0.17013442516326904,-0.16747711598873138,1.0717519521713257
0.21388599276542664,-0.09507566690444946,0.8344539403915405
