1.1176889529451728e-06,-5.7098277466138825e-06,0.9522624611854553
0.1253686547279358,-0.05987166240811348,0.9659008383750916
0.10320690274238586,-0.09445250034332275,0.47941136360168457
0.0815681517124176,-0.2161632776260376,0.03339022397994995
-0.12537039816379547,0.05986160784959793,0.9385653734207153
-0.15309950709342957,0.01850077509880066,0.4555155634880066
-0.21003358066082,-0.0911402702331543,0.016227006912231445
-0.049971114844083786,-0.03725716471672058,1.2051140069961548
0.010739320889115334,-0.026450753211975098,1.4547717571258545
0.05032118037343025,0.061033427715301514,1.5223405361175537
0.05461711809039116,0.02469271421432495,1.6297248601913452
-0.10574141144752502,0.041492342948913574,1.4300470352172852
-0.2191489338874817,0.2060098648071289,1.3585741519927979
-0.2048340141773224,0.36338990926742554,1.496150255203247
0.09990328550338745,-0.09699523448944092,1.3562519550323486
0.14860799908638,-0.180323988199234,1.0686577558517456
0.2031106799840927,-0.12916454672813416,0.8333197236061096
