1.4597972040064633e-06,-5.701238478650339e-06,0.9522625207901001
0.12487614154815674,-0.06017213314771652,0.9659216403961182
0.1023641973733902,-0.09394329786300659,0.47914919257164
0.080055370926857,-0.2173236608505249,0.03431856632232666
-0.12487784028053284,0.06016223132610321,0.9385448694229126
-0.15176716446876526,0.017725706100463867,0.4552608132362366
-0.2132185399532318,-0.09495210647583008,0.017392992973327637
-0.05120498687028885,-0.03701837360858917,1.2049610614776611
0.00849921628832817,-0.028473973274230957,1.4547992944717407
0.04887623339891434,0.058127522468566895,1.5223066806793213
0.05357573926448822,0.022880971431732178,1.629699945449829
-0.10737523436546326,0.04085126519203186,1.4315848350524902
-0.21630799770355225,0.21371114253997803,1.3656566143035889
-0.1887240707874298,0.35561639070510864,1.524280071258545
0.09699100255966187,-0.0988539457321167,1.3556711673736572
0.14718326926231384,-0.18063513934612274,1.0679364204406738
0.20059162378311157,-0.12670254707336426,0.8337841033935547
