3.199228558514733e-06,-8.128346962621436e-06,0.9522608518600464
0.12469369173049927,-0.062266938388347626,0.9684931635856628
0.08593785762786865,-0.10318058729171753,0.47964051365852356
0.050933435559272766,-0.21833324432373047,0.030592143535614014
-0.12469467520713806,0.0622580423951149,0.935968816280365
-0.1622927039861679,0.027173221111297607,0.4479690194129944
-0.22740043699741364,-0.06731438636779785,0.0034458041191101074
-0.061951640993356705,-0.04435579478740692,1.2001347541809082
-0.03243589773774147,-0.004121184349060059,1.4538047313690186
0.003260355442762375,0.0865442156791687,1.5146992206573486
0.0003897547721862793,0.06733417510986328,1.6301710605621338
-0.14363054931163788,0.05746951699256897,1.3932523727416992
-0.21050748229026794,0.2090667188167572,1.1955006122589111
-0.11023403704166412,0.2402898669242859,1.388498306274414
0.06746933609247208,-0.07473340630531311,1.3779010772705078
0.1467033326625824,-0.16673825681209564,1.1007581949234009
0.21378442645072937,-0.10363330692052841,0.8661361336708069
