4.6720015234313905e-07,-7.498005288653076e-06,0.9522621035575867
0.1263607293367386,-0.06085007265210152,0.9660578966140747
0.0696169063448906,-0.10526281595230103,0.48057591915130615
0.017924845218658447,-0.2137066125869751,0.033710777759552
-0.12636180222034454,0.06084031984210014,0.938403308391571
-0.17745043337345123,0.03537631034851074,0.4541719853878021
-0.2535349428653717,-0.0420261025428772,0.009235501289367676
-0.052975475788116455,-0.04035438597202301,1.203291893005371
-0.031148098409175873,0.023600608110427856,1.4491989612579346
0.01002494990825653,0.09613746404647827,1.527601718902588
0.005101215094327927,0.05113983154296875,1.629324197769165
-0.14563646912574768,0.0648469626903534,1.3707342147827148
-0.2447669506072998,0.06662222743034363,1.111037254333496
-0.2783753573894501,0.13482704758644104,0.8904910087585449
0.07724535465240479,-0.04452076554298401,1.3775795698165894
0.158689945936203,-0.13467629253864288,1.106233835220337
0.20894640684127808,-0.09563282132148743,0.8637571334838867
