1.7701249817037024e-06,-7.743754395050928e-06,0.9522639513015747
0.12606243789196014,-0.06312548369169235,0.963875412940979
0.09137845039367676,-0.1053735613822937,0.4756959080696106
0.05144636332988739,-0.22099518775939941,0.029526114463806152
-0.12606453895568848,0.06311731040477753,0.9405888319015503
-0.15932877361774445,0.03378653526306152,0.45384418964385986
-0.22423620522022247,-0.0628429651260376,0.011044979095458984
-0.049891501665115356,-0.043130189180374146,1.2020189762115479
0.0013269046321511269,-0.020746320486068726,1.4531785249710083
0.039285026490688324,0.06679755449295044,1.5199556350708008
0.043686866760253906,0.03641694784164429,1.6294119358062744
-0.11839413642883301,0.04282581806182861,1.4119343757629395
-0.2242150902748108,0.20120632648468018,1.2559819221496582
-0.17243170738220215,0.301458477973938,1.4566209316253662
0.09785324335098267,-0.08952826261520386,1.3628554344177246
0.15981268882751465,-0.1703953742980957,1.0785329341888428
0.21387171745300293,-0.10287004709243774,0.8457204103469849
