1.3658509487868287e-06,-7.282242222572677e-06,0.9522654414176941
0.12227553129196167,-0.06527933478355408,0.9670554995536804
0.1083739846944809,-0.09748578071594238,0.479103147983551
0.08185777068138123,-0.21810579299926758,0.032710134983062744
-0.12227746844291687,0.06526950001716614,0.9374101161956787
-0.1437869668006897,0.007138460874557495,0.4553843140602112
-0.21551811695098877,-0.11434221267700195,0.021949946880340576
-0.05676938593387604,-0.0384984165430069,1.2039599418640137
0.006193225271999836,-0.03675955533981323,1.4527394771575928
0.05362348258495331,0.05090755224227905,1.5179414749145508
0.06257437914609909,0.01994568109512329,1.627321481704712
-0.10892051458358765,0.040693193674087524,1.4289276599884033
-0.20752543210983276,0.2448381781578064,1.3401542901992798
-0.11042776703834534,0.31939488649368286,1.5473709106445312
0.09093736112117767,-0.11132094264030457,1.35293710231781
0.14177893102169037,-0.19627204537391663,1.0668662786483765
0.199996680021286,-0.1388423591852188,0.8366542458534241
