2.0080797185073607e-06,-8.58461316965986e-06,0.9522634744644165
0.1269935667514801,-0.061037156730890274,0.9642364978790283
0.08110055327415466,-0.10495448112487793,0.47737494111061096
0.033251866698265076,-0.22550928592681885,0.03444141149520874
-0.12699496746063232,0.061028920114040375,0.9402264356613159
-0.17063862085342407,0.037239521741867065,0.4537621736526489
-0.23776473104953766,-0.04825162887573242,0.010143816471099854
-0.052227966487407684,-0.040755048394203186,1.201054573059082
-0.015187349170446396,-0.007154703140258789,1.4563405513763428
0.01708381436765194,0.07529348134994507,1.5312819480895996
0.017819209024310112,0.03325343132019043,1.6345680952072144
-0.13642677664756775,0.048774123191833496,1.40183687210083
-0.2521967887878418,0.18432997167110443,1.214810848236084
-0.1752241849899292,0.27800989151000977,1.4067816734313965
0.08716148138046265,-0.07354366779327393,1.3755472898483276
0.16084808111190796,-0.16001619398593903,1.0961886644363403
0.2151869535446167,-0.08591905981302261,0.8588324785232544
