-4.910543793812394e-07,-6.067739377613179e-06,0.9522599577903748
0.1310010701417923,-0.05021025612950325,0.964282751083374
0.07021655142307281,-0.10144510865211487,0.48215049505233765
0.02695329487323761,-0.21654963493347168,0.03830760717391968
-0.13100260496139526,0.05019902065396309,0.9401782751083374
-0.17869892716407776,0.030857354402542114,0.4576350152492523
-0.2516811490058899,-0.04677075147628784,0.013073503971099854
-0.029558490961790085,-0.05291815102100372,1.2027615308761597
-0.0071566663682460785,0.014844268560409546,1.4514153003692627
0.02092856913805008,0.09469622373580933,1.530059814453125
0.017236990854144096,0.04924452304840088,1.6326353549957275
-0.12495690584182739,0.0424962043762207,1.3712021112442017
-0.23649974167346954,0.02734959125518799,1.1083450317382812
-0.28403395414352417,0.09014154970645905,0.8870348930358887
0.10447162389755249,-0.04168543219566345,1.379850149154663
0.17750513553619385,-0.1185070127248764,1.1063647270202637
0.2011365294456482,-0.06591404229402542,0.8575320243835449
