-5.380437869462185e-06,-7.496484613511711e-06,0.6265815496444702
0.04324541613459587,0.12265746295452118,0.619988203048706
-0.35300248861312866,0.1959490329027176,0.4702930450439453
-0.3446219861507416,0.14154210686683655,0.05014681816101074
-0.04324846714735031,-0.1226610541343689,0.6331093907356262
-0.33613935112953186,0.04050438851118088,0.49715447425842285
-0.31753286719322205,-0.06907224655151367,0.08172565698623657
0.038983218371868134,-0.023067697882652283,0.8465345501899719
0.02143995091319084,0.019694626331329346,1.0936784744262695
-0.02485579252243042,0.029446661472320557,1.181828260421753
0.05324599891901016,0.012972056865692139,1.2531369924545288
-0.01181766390800476,-0.10866332054138184,1.042388916015625
-0.06962224096059799,-0.18124732375144958,0.8042429685592651
-0.20132578909397125,-0.1481645107269287,0.7468754053115845
0.04619517922401428,0.1422169804573059,1.0134975910186768
-0.06430529057979584,0.24907460808753967,0.7779861688613892
-0.26665911078453064,0.2814273238182068,0.7735874652862549
