-6.641756044700742e-06,-7.0711193984607235e-06,0.6265820264816284
0.04172125458717346,0.12225893139839172,0.6211272478103638
-0.3514724671840668,0.1969154328107834,0.47073912620544434
-0.3477427363395691,0.1392899751663208,0.056108832359313965
-0.041723065078258514,-0.12226210534572601,0.6319700479507446
-0.33920639753341675,0.03352758288383484,0.5037851333618164
-0.3015027940273285,-0.06407594680786133,0.09238225221633911
0.03682291507720947,-0.01651652157306671,0.8436323404312134
0.017326749861240387,0.02893388271331787,1.0908052921295166
-0.032274916768074036,0.037573933601379395,1.176421880722046
0.04632112383842468,0.015611708164215088,1.2453221082687378
-0.015334272757172585,-0.09846770763397217,1.043483018875122
-0.07476764172315598,-0.17760439217090607,0.8104857206344604
-0.1990758329629898,-0.13590838015079498,0.7377286553382874
0.04173273593187332,0.1500055193901062,1.0086474418640137
-0.07242123782634735,0.25245898962020874,0.7735071778297424
-0.2776811122894287,0.28816258907318115,0.773241400718689
