-6.8264944275142625e-06,-6.735268470947631e-06,0.6265809535980225
0.04199793562293053,0.12190509587526321,0.6199055910110474
-0.3523731827735901,0.19101688265800476,0.47532063722610474
-0.3513002395629883,0.13231298327445984,0.06272685527801514
-0.04199864715337753,-0.12190847098827362,0.633192241191864
-0.34694573283195496,0.018161773681640625,0.503097653388977
-0.30798837542533875,-0.07694888114929199,0.09145045280456543
0.03245103731751442,-0.011978581547737122,0.8413292169570923
0.010028660297393799,0.03269010782241821,1.0882644653320312
-0.04264981299638748,0.03981667757034302,1.1714940071105957
0.03554182127118111,0.016816139221191406,1.240325927734375
-0.020302604883909225,-0.09497475624084473,1.040853500366211
-0.07760090380907059,-0.1775715947151184,0.8109343647956848
-0.20652563869953156,-0.1432691216468811,0.7402245998382568
0.03321870416402817,0.1526060402393341,1.0067791938781738
-0.07857245206832886,0.252019464969635,0.7712057828903198
-0.2939157783985138,0.28011754155158997,0.7660453915596008
