-5.231187515164493e-06,-1.1137148248963058e-05,0.6265860199928284
0.05453317239880562,0.12046439200639725,0.6156139969825745
-0.31219303607940674,0.2379915714263916,0.4751513600349426
-0.3080074191093445,0.1559600532054901,0.056747496128082275
-0.054534830152988434,-0.1204676702618599,0.6374858617782593
-0.3727526068687439,0.008290432393550873,0.4878798723220825
-0.29671135544776917,-0.11469995975494385,0.07518398761749268
-0.07420168071985245,0.007553994655609131,0.838149905204773
-0.23006102442741394,0.10148799419403076,1.0291872024536133
-0.330231636762619,0.12926828861236572,1.067803144454956
-0.29960089921951294,0.13077181577682495,1.1662766933441162
-0.24913549423217773,-0.03866976499557495,0.9874156713485718
-0.22984559834003448,-0.12323278188705444,0.741873025894165
-0.306932657957077,-0.0019083432853221893,0.6450934410095215
-0.1620343178510666,0.21447238326072693,0.9522902965545654
-0.11867132782936096,0.273804634809494,0.6990457773208618
-0.31317687034606934,0.24561361968517303,0.7367970943450928
