-2.5300696506747045e-06,-1.3568118447437882e-05,0.6265940070152283
0.04387928918004036,0.11967644095420837,0.6188907623291016
-0.3059716820716858,0.21024248003959656,0.43458396196365356
-0.29862117767333984,0.13528770208358765,0.028581440448760986
-0.043881855905056,-0.11968103051185608,0.6342100501060486
-0.3636835813522339,-0.06175602972507477,0.4564934968948364
-0.3000333905220032,-0.18020302057266235,0.06557166576385498
-0.12279888987541199,0.018809959292411804,0.8072093725204468
-0.3114973306655884,0.115449458360672,0.9616535902023315
-0.41367894411087036,0.13095831871032715,0.9749066829681396
-0.3988606035709381,0.13175517320632935,1.0707359313964844
-0.325057715177536,-0.023441463708877563,0.925304114818573
-0.3082777261734009,-0.12996041774749756,0.7045484185218811
-0.38735049962997437,0.01997247338294983,0.6551105976104736
-0.2377874255180359,0.22278672456741333,0.8866396546363831
-0.1447049081325531,0.2815855145454407,0.6488742232322693
-0.33208566904067993,0.24335168302059174,0.6779245734214783
