-5.278141543385573e-06,-7.394182830466889e-06,0.6265820264816284
0.043765123933553696,0.12290345132350922,0.6202972531318665
-0.3498445153236389,0.19775846600532532,0.4728401303291321
-0.338584303855896,0.14782977104187012,0.051363229751586914
-0.04376840591430664,-0.12290674448013306,0.6328004002571106
-0.3364484906196594,0.04092908650636673,0.49782243371009827
-0.3133849799633026,-0.06238919496536255,0.08335167169570923
0.04354330152273178,-0.025575727224349976,0.8467443585395813
0.02864379808306694,0.014750927686691284,1.0937166213989258
-0.016524434089660645,0.026035010814666748,1.182760238647461
0.060936566442251205,0.010239362716674805,1.254472017288208
-0.005458526313304901,-0.11246094107627869,1.0426899194717407
-0.06630546599626541,-0.1840847283601761,0.80353844165802
-0.19730305671691895,-0.14693273603916168,0.7530413866043091
0.05407720059156418,0.1377435028553009,1.013639211654663
-0.05816982686519623,0.25011736154556274,0.7805268168449402
-0.25778472423553467,0.284612774848938,0.7793951034545898
