2.4367291189264506e-06,-1.9633145711850375e-05,0.626619279384613
0.029552089050412178,0.11945261061191559,0.6222755908966064
-0.2853591740131378,0.17212778329849243,0.4270591139793396
-0.27534520626068115,0.11432719230651855,0.016905128955841064
-0.029556479305028915,-0.119452565908432,0.6308321952819824
-0.33169347047805786,-0.09238338470458984,0.4467664957046509
-0.2917718291282654,-0.17307209968566895,0.05152630805969238
-0.1312500685453415,-0.004969552159309387,0.7584690451622009
-0.32187962532043457,0.02264648675918579,0.8252823352813721
-0.4158679246902466,0.02899956703186035,0.8101658821105957
-0.44877374172210693,0.001768261194229126,0.8159287571907043
-0.3271104097366333,-0.10435761511325836,0.8180086612701416
-0.33415016531944275,-0.16120193898677826,0.6464831829071045
-0.42334020137786865,-0.057108648121356964,0.6086153388023376
-0.26968804001808167,0.13020998239517212,0.7772449254989624
-0.1970415562391281,0.1705394834280014,0.5575963258743286
-0.303419828414917,0.13455599546432495,0.5835645198822021
