-3.7227728171274066e-06,-1.238378172274679e-05,0.6265929937362671
0.04589305445551872,0.1174195185303688,0.6168893575668335
-0.2956613302230835,0.21099592745304108,0.4236662983894348
-0.2925562858581543,0.13777822256088257,0.022538304328918457
-0.04589563608169556,-0.11742404103279114,0.636211097240448
-0.364713191986084,-0.048736572265625,0.4454498589038849
-0.2976822853088379,-0.16563552618026733,0.05500537157058716
-0.12206345796585083,0.028224065899848938,0.8060030341148376
-0.305564284324646,0.1287706196308136,0.9565058946609497
-0.4082011580467224,0.14763426780700684,0.9653362035751343
-0.3967301547527313,0.14459377527236938,1.0580084323883057
-0.32091978192329407,-0.011251300573348999,0.9235975742340088
-0.30242088437080383,-0.11755384504795074,0.7030004858970642
-0.37137550115585327,0.0035501644015312195,0.6512452960014343
-0.2313566505908966,0.23233556747436523,0.8855648040771484
-0.1411096155643463,0.29095450043678284,0.6489482522010803
-0.32040226459503174,0.27236688137054443,0.6834426522254944
