-6.7513865360524505e-06,-8.365215762751177e-06,0.6265854239463806
0.046063050627708435,0.11813817918300629,0.6181322932243347
-0.3450646996498108,0.19857169687747955,0.4703167676925659
-0.3448060154914856,0.13605809211730957,0.058709681034088135
-0.04606451839208603,-0.11814122647047043,0.634965717792511
-0.34560197591781616,-0.0028180107474327087,0.4947729706764221
-0.28610751032829285,-0.10369032621383667,0.08948934078216553
-0.01198419276624918,-0.01029975712299347,0.8414075970649719
-0.08920291066169739,0.05274471640586853,1.0704638957977295
-0.16428862512111664,0.07119309902191162,1.1337378025054932
-0.10353438556194305,0.056361615657806396,1.2171082496643066
-0.11514877527952194,-0.07578325271606445,1.0259027481079102
-0.15112170577049255,-0.15925300121307373,0.7922792434692383
-0.27475637197494507,-0.08463352918624878,0.6833487153053284
-0.049860820174217224,0.167313814163208,0.9882665276527405
-0.1192643940448761,0.2600238025188446,0.7432401776313782
-0.340030699968338,0.26487964391708374,0.7396101951599121
