-7.83450377639383e-06,-9.89119871519506e-06,0.6265861988067627
0.055028561502695084,0.1199713721871376,0.6154208183288574
-0.31053343415260315,0.24054598808288574,0.4696953296661377
-0.3063141703605652,0.15044337511062622,0.053177833557128906
-0.055030059069395065,-0.11997488886117935,0.6376791000366211
-0.37154829502105713,0.002495303750038147,0.4745863378047943
-0.29879406094551086,-0.12708377838134766,0.06852984428405762
-0.07781197130680084,0.01402956247329712,0.8336819410324097
-0.23679503798484802,0.11458206176757812,1.0178239345550537
-0.33709341287612915,0.14336246252059937,1.0489577054977417
-0.3068861663341522,0.14573299884796143,1.147617220878601
-0.2550290524959564,-0.026302069425582886,0.9773441553115845
-0.2402121126651764,-0.1259591281414032,0.7412723898887634
-0.3211216926574707,-0.008892897516489029,0.650942325592041
-0.169680655002594,0.22437182068824768,0.9387105703353882
-0.1238519549369812,0.2764686048030853,0.6874232292175293
-0.31828033924102783,0.24673369526863098,0.7231981754302979
