4.827244993066415e-06,-1.9597544451244175e-05,0.6266018152236938
0.0364784374833107,0.12029320746660233,0.6188933253288269
-0.30647391080856323,0.1704784631729126,0.4352773129940033
-0.2793866991996765,0.1073145866394043,0.03614497184753418
-0.03648112714290619,-0.12029710412025452,0.6342076659202576
-0.35762208700180054,-0.07191169261932373,0.449179083108902
-0.29881981015205383,-0.14976412057876587,0.05475413799285889
-0.12657321989536285,0.0006315112113952637,0.788223922252655
-0.3157789707183838,0.06576693058013916,0.9040804505348206
-0.41995084285736084,0.07196712493896484,0.9018423557281494
-0.42689013481140137,0.061881691217422485,0.9749976992607117
-0.3251108229160309,-0.059962645173072815,0.8796426057815552
-0.3050200045108795,-0.13709338009357452,0.670356810092926
-0.41384896636009216,-0.020112181082367897,0.6160792112350464
-0.24793821573257446,0.16916510462760925,0.8382570147514343
-0.17968931794166565,0.21594804525375366,0.608234167098999
-0.3114747107028961,0.19341284036636353,0.6051577925682068
