-4.62596563011175e-06,-7.783535693306476e-06,0.6265817880630493
0.04405776411294937,0.12728950381278992,0.6214508414268494
-0.34527093172073364,0.2095906138420105,0.4876198470592499
-0.3410468101501465,0.17504703998565674,0.05998891592025757
-0.04406017065048218,-0.1272917240858078,0.6316463947296143
-0.32872533798217773,0.05523672327399254,0.5151472687721252
-0.30252331495285034,-0.05430799722671509,0.09614825248718262
0.0496143214404583,-0.029194384813308716,0.8494730591773987
0.02662627026438713,0.006511658430099487,1.0967906713485718
-0.022008683532476425,0.02331984043121338,1.1918041706085205
0.0555541068315506,0.012169182300567627,1.2623331546783447
-0.006564423441886902,-0.12284037470817566,1.0430822372436523
-0.06635203957557678,-0.18909788131713867,0.797869086265564
-0.18970251083374023,-0.13860595226287842,0.7474097013473511
0.05437150225043297,0.1339035928249359,1.0185762643814087
-0.056174635887145996,0.24163924157619476,0.7805585265159607
-0.2606624960899353,0.28098398447036743,0.7888456583023071
