3.3618089219089597e-06,-2.2264764993451536e-05,0.6266286373138428
0.030818816274404526,0.10886731743812561,0.6224531531333923
-0.27291160821914673,0.15455809235572815,0.42778944969177246
-0.27514421939849854,0.11844617128372192,0.009749174118041992
-0.03082677349448204,-0.10886995494365692,0.6306558847427368
-0.3193190097808838,-0.08322259783744812,0.44655174016952515
-0.27965807914733887,-0.1515483260154724,0.04407072067260742
-0.13103437423706055,-0.007605984807014465,0.756881594657898
-0.3078697919845581,0.012391120195388794,0.8202704191207886
-0.3956603407859802,0.028869658708572388,0.8298518657684326
-0.4438871741294861,0.013337090611457825,0.7971082329750061
-0.31099528074264526,-0.09802661836147308,0.8202329277992249
-0.32007408142089844,-0.15249387919902802,0.6592276096343994
-0.41992443799972534,-0.05894108861684799,0.6372309923171997
-0.26497119665145874,0.11348535120487213,0.7816361784934998
-0.20512190461158752,0.15290266275405884,0.5629338622093201
-0.30798643827438354,0.1329696625471115,0.6119083762168884
