-5.444094313133974e-06,-7.628239472978748e-06,0.6265814304351807
0.04076981544494629,0.12256274372339249,0.6194074153900146
-0.3492819368839264,0.1921776980161667,0.4575763940811157
-0.345986545085907,0.13180255889892578,0.044242262840270996
-0.04077066853642464,-0.12256679683923721,0.633690357208252
-0.33970215916633606,0.002117045223712921,0.4802575409412384
-0.30893275141716003,-0.07252514362335205,0.06629776954650879
0.03153544291853905,-0.018890708684921265,0.8452596664428711
-0.001049363985657692,0.02962818741798401,1.0862963199615479
-0.050839707255363464,0.03720700740814209,1.169380784034729
0.021619651466608047,0.021762967109680176,1.2392468452453613
-0.030147990211844444,-0.0976417064666748,1.0376392602920532
-0.09167203307151794,-0.17080865800380707,0.8021059036254883
-0.22869154810905457,-0.1084597259759903,0.7621485590934753
0.020901069045066833,0.1477908194065094,1.0064797401428223
-0.0917368084192276,0.24733363091945648,0.768256664276123
-0.30703142285346985,0.26309192180633545,0.7597100734710693
