4.5042670535622165e-06,-1.5457128029083833e-05,0.8752394914627075
0.05466631054878235,-0.05942842364311218,0.8746597170829773
0.13501876592636108,-0.1312379240989685,0.4599367678165436
0.16880199313163757,-0.302689790725708,0.053205013275146484
-0.05467085540294647,0.05941079556941986,0.8757176995277405
-0.030487965792417526,0.00010102987289428711,0.4493774175643921
-0.061522793024778366,-0.1340196132659912,0.03058105707168579
0.10002365708351135,-0.05176907777786255,1.0649073123931885
0.2622874677181244,-0.07452595233917236,1.2202357053756714
0.34575673937797546,-0.04028692841529846,1.253531575202942
0.37462157011032104,-0.06607306003570557,1.336544156074524
0.19192436337471008,-0.01958012580871582,1.20945143699646
-0.008742202073335648,0.033052653074264526,1.102299690246582
-0.06713607907295227,0.05146588385105133,0.9636069536209106
0.26408547163009644,-0.13167545199394226,1.1280503273010254
0.21241387724876404,-0.14933788776397705,0.8745155930519104
0.17570507526397705,-0.07832983136177063,0.6703073978424072
