-4.3077661757706665e-06,-1.3659006071975455e-05,0.8752430081367493
0.07368139922618866,0.0112934410572052,0.8875192403793335
0.04382847249507904,-0.017352193593978882,0.4579077959060669
-0.023981265723705292,-0.1303640604019165,0.03590750694274902
-0.07368537783622742,-0.011314775794744492,0.862860381603241
-0.16799283027648926,-0.030230194330215454,0.45113110542297363
-0.29288750886917114,-0.11541938781738281,0.039844632148742676
-0.10720537602901459,0.0567401647567749,1.0595415830612183
-0.2516811490058899,0.17964845895767212,1.20147705078125
-0.30090680718421936,0.25367677211761475,1.2135212421417236
-0.3275172710418701,0.2752772867679596,1.3081912994384766
-0.29119324684143066,0.13058924674987793,1.1002548933029175
-0.2536967098712921,0.07046785950660706,0.8415168523788452
-0.16291072964668274,0.07417494058609009,0.6300595998764038
-0.15533797442913055,0.1713603436946869,1.2093738317489624
0.0715252161026001,0.07390406727790833,1.1857082843780518
0.13817092776298523,0.11066359281539917,1.0540266036987305
