-4.884096597379539e-06,-1.33194807858672e-05,0.8752407431602478
0.0782480239868164,-0.0028089042752981186,0.8878055214881897
0.03749661520123482,-0.040082722902297974,0.46111175417900085
-0.03202975541353226,-0.18074071407318115,0.046987712383270264
-0.0782545953989029,0.002789881080389023,0.8625727295875549
-0.1633877009153366,-0.014995157718658447,0.44430971145629883
-0.2833845615386963,-0.135267436504364,0.04015398025512695
-0.08347344398498535,0.029185950756072998,1.074000597000122
-0.19203464686870575,0.12603265047073364,1.247002363204956
-0.2302185595035553,0.2020803689956665,1.275489091873169
-0.24935871362686157,0.20048454403877258,1.3697497844696045
-0.2374786138534546,0.09979405999183655,1.1423876285552979
-0.21880121529102325,0.06257963180541992,0.8768934011459351
-0.15301968157291412,0.06697960197925568,0.6521254181861877
-0.10095739364624023,0.10817033052444458,1.2448762655258179
0.1168670728802681,0.02591535449028015,1.1858906745910645
0.17124581336975098,0.10346981883049011,1.0449397563934326
