-1.931255610543303e-06,-1.2452535884222016e-05,0.8752337098121643
0.09478859603404999,-0.006578371860086918,0.8820911645889282
0.052493274211883545,-0.06888830661773682,0.4409427046775818
-0.001308351755142212,-0.2108970284461975,0.018859386444091797
-0.09479397535324097,0.006562777794897556,0.8682838082313538
-0.16770783066749573,-0.022032201290130615,0.43694114685058594
-0.25202202796936035,-0.15681451559066772,0.02870720624923706
-0.03886844962835312,-0.00044004619121551514,1.0970476865768433
-0.09590929746627808,0.07764136791229248,1.3229150772094727
-0.10588376224040985,0.15911027789115906,1.3734726905822754
-0.11777037382125854,0.14794129133224487,1.4807473421096802
-0.1729687750339508,0.05789685249328613,1.2271807193756104
-0.20746992528438568,0.01619572937488556,0.9521406292915344
-0.17523296177387238,0.03584560006856918,0.7217041254043579
0.009384341537952423,0.058147132396698,1.2913029193878174
0.21937720477581024,-0.012125253677368164,1.1465755701065063
0.22119581699371338,0.10174493491649628,1.0050538778305054
