3.0501159926643595e-06,-1.5720379451522604e-05,0.8752369284629822
0.051719069480895996,-0.05633677542209625,0.8758122324943542
0.1322072446346283,-0.12905138731002808,0.4622533321380615
0.17597755789756775,-0.2961336374282837,0.0521550178527832
-0.051724597811698914,0.05631695315241814,0.8745653033256531
-0.028581839054822922,-0.009666800498962402,0.44521504640579224
-0.05321626365184784,-0.1513492465019226,0.027512311935424805
0.10997875034809113,-0.04855450987815857,1.0663331747055054
0.2784286141395569,-0.06503558158874512,1.2233232259750366
0.36240702867507935,-0.0294954776763916,1.252610683441162
0.38919341564178467,-0.05115550756454468,1.3436038494110107
0.20926108956336975,-0.011350512504577637,1.2141709327697754
0.011533144861459732,0.04938255250453949,1.100866675376892
-0.05248431861400604,0.08012494444847107,0.9590262174606323
0.2760292887687683,-0.12114900350570679,1.1270307302474976
0.21440064907073975,-0.13896524906158447,0.865092933177948
0.1815890073776245,-0.06475207209587097,0.6600250601768494
