-2.911859155574348e-06,-1.2366199371172115e-05,0.8752315640449524
0.0919649600982666,-0.043815769255161285,0.8820378184318542
0.1145797073841095,-0.11789143085479736,0.4336777329444885
0.10311909019947052,-0.26740896701812744,0.013309180736541748
-0.09196922183036804,0.04379897564649582,0.8683357238769531
-0.10251064598560333,-0.039787083864212036,0.42322811484336853
-0.13084349036216736,-0.19171392917633057,0.004708349704742432
-0.01375199668109417,-0.033225372433662415,1.1067211627960205
0.03171698749065399,-0.01039433479309082,1.3454722166061401
0.0763566792011261,0.062432944774627686,1.400875449180603
0.08738044649362564,0.039560019969940186,1.5078516006469727
-0.06723552942276001,0.032663822174072266,1.2943472862243652
-0.25235888361930847,0.09057784080505371,1.1031544208526611
-0.1592731773853302,0.15313436090946198,0.9607313871383667
0.10569077730178833,-0.07292228937149048,1.2630094289779663
0.21659639477729797,-0.1674845963716507,1.0244687795639038
0.23936772346496582,-0.03064674511551857,0.8882594108581543
