8.013881597435102e-06,-1.8408740288577974e-05,0.8752490282058716
0.05435974895954132,-0.056790053844451904,0.8723015189170837
0.14979411661624908,-0.1122707724571228,0.4698816239833832
0.18029624223709106,-0.27944624423980713,0.057759225368499756
-0.05436377227306366,0.05677034333348274,0.878081202507019
-0.013506155461072922,-0.0005540847778320312,0.45476093888282776
-0.04095440357923508,-0.13197994232177734,0.034937381744384766
0.10600115358829498,-0.045530155301094055,1.043361783027649
0.25688838958740234,-0.06499499082565308,1.1636492013931274
0.33293628692626953,-0.042893052101135254,1.1887471675872803
0.35855722427368164,-0.053185492753982544,1.2296711206436157
0.19546446204185486,-0.008003324270248413,1.1693212985992432
-0.010280925780534744,0.05583551526069641,1.0771480798721313
-0.06573531031608582,0.10437966138124466,0.9474110007286072
0.26620081067085266,-0.1306624561548233,1.0945309400558472
0.23889565467834473,-0.1910533308982849,0.8789142966270447
0.2459675371646881,-0.12038996815681458,0.6590955853462219
