5.206261448620353e-06,-1.5679797797929496e-05,0.8752323985099792
0.08134546875953674,-0.05763092637062073,0.8815975189208984
0.1038224995136261,-0.13846948742866516,0.4371720552444458
0.08028057217597961,-0.29592424631118774,0.019993603229522705
-0.08134914934635162,0.05761164426803589,0.8687761425971985
-0.09620887041091919,-0.02369987964630127,0.42647844552993774
-0.14721296727657318,-0.16770797967910767,0.007631123065948486
0.008426900021731853,-0.026541024446487427,1.1096203327178955
0.07018377631902695,-0.004192918539047241,1.3452786207199097
0.12666472792625427,0.057917237281799316,1.402804970741272
0.1374952495098114,0.03708893060684204,1.5059411525726318
-0.01853495091199875,0.05364111065864563,1.2963638305664062
-0.2058137059211731,0.12606476247310638,1.1085920333862305
-0.14911258220672607,0.18531619012355804,0.9510530829429626
0.12511709332466125,-0.07666188478469849,1.2638351917266846
0.19501960277557373,-0.1681513786315918,1.0252856016159058
0.18896892666816711,-0.05040692165493965,0.9219792485237122
