-4.536573214863893e-06,-1.366071228403598e-05,0.875243067741394
0.07401154935359955,0.012030120939016342,0.887008786201477
0.045396335422992706,-0.015979617834091187,0.45753079652786255
-0.024528399109840393,-0.1290169358253479,0.03603923320770264
-0.0740155503153801,-0.012051278725266457,0.8633705377578735
-0.16741493344306946,-0.028875291347503662,0.44993528723716736
-0.29042479395866394,-0.11495327949523926,0.03942251205444336
-0.10775458812713623,0.057096317410469055,1.0588512420654297
-0.2526446580886841,0.18072831630706787,1.2013314962387085
-0.302426278591156,0.25401896238327026,1.213618516921997
-0.32916978001594543,0.27522483468055725,1.3084856271743774
-0.29176583886146545,0.13156355917453766,1.1010768413543701
-0.2543584406375885,0.07154734432697296,0.8423444628715515
-0.1637587547302246,0.07756438851356506,0.630173921585083
-0.1565420925617218,0.17276567220687866,1.209409475326538
0.07057535648345947,0.07732835412025452,1.1860835552215576
0.14072734117507935,0.11210530996322632,1.0546947717666626
