2.388615939707961e-06,-1.4569519407814369e-05,0.8752301335334778
0.09028864651918411,-0.053760964423418045,0.8808826804161072
0.08760005235671997,-0.1265750527381897,0.4371089041233063
0.04928341507911682,-0.27714329957962036,0.01708531379699707
-0.09029144793748856,0.0537433847784996,0.869489848613739
-0.11843650043010712,-0.015791714191436768,0.4267731308937073
-0.18480738997459412,-0.15253585577011108,0.008806467056274414
-0.005522036924958229,-0.02433362603187561,1.1110284328460693
0.0272185280919075,0.017356693744659424,1.3502005338668823
0.07309617102146149,0.08683496713638306,1.4089033603668213
0.07818226516246796,0.06786227226257324,1.5121015310287476
-0.06927669048309326,0.06711140275001526,1.2870194911956787
-0.24741995334625244,0.138075590133667,1.0778697729110718
-0.15675653517246246,0.20786236226558685,0.9364963173866272
0.10554414987564087,-0.05147621035575867,1.2802180051803589
0.22683990001678467,-0.14144152402877808,1.05655038356781
0.18820205330848694,-0.006947968155145645,0.9347648024559021
