-1.744111614243593e-06,-1.3490775017999113e-05,0.8752329349517822
0.0985613465309143,-0.003148105461150408,0.8778116106987
0.0818340927362442,-0.08049225807189941,0.4263271689414978
0.06376408040523529,-0.23021352291107178,0.000861048698425293
-0.09856461733579636,0.0031329102348536253,0.8725623488426208
-0.14812828600406647,-0.04265230894088745,0.42458194494247437
-0.1970047503709793,-0.19002056121826172,0.011441946029663086
-0.006490958854556084,-0.016695603728294373,1.1081708669662476
-0.024806015193462372,0.053084492683410645,1.344377040863037
-0.015366241335868835,0.13847896456718445,1.4004473686218262
-0.018084049224853516,0.12679779529571533,1.5106868743896484
-0.11247651278972626,0.04248785972595215,1.2603005170822144
-0.18036773800849915,-0.00046841055154800415,0.9811419248580933
-0.16738590598106384,0.02505362778902054,0.7495831251144409
0.07718069851398468,0.03143453598022461,1.2887777090072632
0.26109808683395386,-0.023524954915046692,1.0860679149627686
0.2342844307422638,0.11307425051927567,0.9596845507621765
