-4.780034032592084e-06,-1.3383403711486608e-05,0.8752421736717224
0.07378440350294113,0.011729211546480656,0.8882195949554443
0.051817089319229126,-0.013168513774871826,0.4613480567932129
-0.016406450420618057,-0.126120924949646,0.041653335094451904
-0.07378830760717392,-0.011749779805541039,0.8621594309806824
-0.1618174910545349,-0.032662391662597656,0.45217984914779663
-0.28119194507598877,-0.11922520399093628,0.04476892948150635
-0.11085225641727448,0.05702356994152069,1.0544750690460205
-0.2531639337539673,0.18055787682533264,1.1982476711273193
-0.3018236756324768,0.25142431259155273,1.2110815048217773
-0.3253701329231262,0.2753085494041443,1.3073627948760986
-0.2917606830596924,0.13289760053157806,1.097645878791809
-0.2520047426223755,0.07419751584529877,0.8392947316169739
-0.16372767090797424,0.07251673936843872,0.6288692951202393
-0.15925687551498413,0.17019814252853394,1.2041850090026855
0.06749768555164337,0.06905481219291687,1.179370641708374
0.13543881475925446,0.10227186977863312,1.0415812730789185
