2.9621924113598652e-06,-1.5407229511765763e-05,0.8752365708351135
0.05272559076547623,-0.05471792817115784,0.8750074505805969
0.13420122861862183,-0.13150787353515625,0.4620179235935211
0.17619755864143372,-0.29573559761047363,0.05178898572921753
-0.0527309849858284,0.05469773709774017,0.8753702044487
-0.02800646983087063,-0.010657280683517456,0.44546300172805786
-0.055721431970596313,-0.15058553218841553,0.0271608829498291
0.11011198163032532,-0.04618456959724426,1.0663344860076904
0.27951788902282715,-0.059480875730514526,1.2232887744903564
0.3633856475353241,-0.024436146020889282,1.2523908615112305
0.3877613842487335,-0.04581087827682495,1.3449342250823975
0.2094205617904663,-0.006429702043533325,1.2134324312210083
0.011119833216071129,0.054223448038101196,1.1024872064590454
-0.04615805298089981,0.08130533993244171,0.9637964963912964
0.27806758880615234,-0.11517980694770813,1.1273250579833984
0.21541965007781982,-0.13489049673080444,0.865512490272522
0.17870131134986877,-0.05957406759262085,0.6600114703178406
