2.803566530928947e-06,-1.494655225542374e-05,0.8752310276031494
0.08974532783031464,-0.0543459989130497,0.8807048797607422
0.09113334119319916,-0.12773138284683228,0.43653202056884766
0.054199472069740295,-0.2771778702735901,0.015517354011535645
-0.08974815905094147,0.05432836711406708,0.8696678876876831
-0.11509108543395996,-0.01618853211402893,0.42636430263519287
-0.1763501912355423,-0.15453684329986572,0.007341325283050537
-0.0029717222787439823,-0.024999409914016724,1.1111352443695068
0.03334624320268631,0.014403849840164185,1.349648118019104
0.08121560513973236,0.08294302225112915,1.408557653427124
0.08685582876205444,0.06303989887237549,1.5111207962036133
-0.06272771954536438,0.0657145082950592,1.2875468730926514
-0.24123477935791016,0.13786417245864868,1.0805615186691284
-0.1543656885623932,0.20480215549468994,0.9362366199493408
0.10924035310745239,-0.05548971891403198,1.2794607877731323
0.22600480914115906,-0.14785762131214142,1.0566715002059937
0.19064861536026,-0.013751007616519928,0.9355509281158447
