-8.013621481950395e-07,-1.04766440927051e-05,0.9871068596839905
0.11477325856685638,-0.02709656022489071,0.9917484521865845
0.05203521251678467,-0.07013165950775146,0.5195801258087158
-0.004639655351638794,-0.16564273834228516,0.07264864444732666
-0.11477747559547424,0.027079664170742035,0.9823851585388184
-0.12202078104019165,-0.046993643045425415,0.5230984091758728
-0.13759976625442505,-0.24499547481536865,0.1284889578819275
-0.018925419077277184,-0.023392051458358765,1.2287709712982178
0.010461390018463135,0.031623512506484985,1.4806313514709473
0.04721591994166374,0.11188048124313354,1.5593945980072021
0.04685770720243454,0.08122646808624268,1.6614855527877808
-0.09652024507522583,0.048286616802215576,1.41377854347229
-0.21600934863090515,0.0162314772605896,1.147599697113037
-0.1843061000108719,0.07171083241701126,0.9900143146514893
0.1067599505186081,-0.010841578245162964,1.4000719785690308
0.18185904622077942,-0.06788815557956696,1.1229236125946045
0.20861735939979553,0.007358558475971222,0.9275023937225342
