2.677827978914138e-06,-1.5593912394251674e-05,0.9871194958686829
0.10505025088787079,-0.03722852095961571,0.9932190775871277
0.10222733020782471,-0.1141277551651001,0.5656759738922119
0.061965376138687134,-0.2590135335922241,0.14011800289154053
-0.10505378246307373,0.037211570888757706,0.9809178709983826
-0.10269510746002197,-0.03805193305015564,0.5412964224815369
-0.10382820665836334,-0.18638062477111816,0.11237186193466187
-0.01097188051789999,-0.030762165784835815,1.2080421447753906
0.017959952354431152,0.024567335844039917,1.4543700218200684
0.058177389204502106,0.10176873207092285,1.5197021961212158
0.06474179029464722,0.08425909280776978,1.6251418590545654
-0.08125918358564377,0.04611054062843323,1.3873426914215088
-0.21128658950328827,0.03763723373413086,1.1224547624588013
-0.2507544755935669,0.09019538760185242,0.9189373254776001
0.10552484542131424,-0.029508650302886963,1.3786053657531738
0.20858335494995117,-0.09736540913581848,1.1229417324066162
0.21800120174884796,0.008300714194774628,1.0596524477005005
