-3.0253841032390483e-06,-9.385516023030505e-06,0.9871077537536621
0.11333438754081726,-0.024617882445454597,0.992199718952179
0.06189051270484924,-0.06307849287986755,0.5197446942329407
0.012214608490467072,-0.15717661380767822,0.07369822263717651
-0.1133376881480217,0.02460378408432007,0.9819337129592896
-0.11362069100141525,-0.06775641441345215,0.5209477543830872
-0.11992897838354111,-0.24656271934509277,0.11663150787353516
-0.017010152339935303,-0.020254939794540405,1.2285443544387817
0.017282964661717415,0.03895324468612671,1.477493405342102
0.05365137755870819,0.11828237771987915,1.5550289154052734
0.053227946162223816,0.08779847621917725,1.6562626361846924
-0.08803713321685791,0.05370044708251953,1.4133771657943726
-0.2105019986629486,0.025064527988433838,1.1545398235321045
-0.17676308751106262,0.07672660052776337,1.000805377960205
0.11009474843740463,-0.0028362274169921875,1.3956347703933716
0.181054025888443,-0.06352011859416962,1.1178948879241943
0.20744076371192932,0.007940098643302917,0.9285144805908203
