3.0663140933029354e-06,-1.017472823150456e-05,0.9871085286140442
0.13157875835895538,-0.039379801601171494,0.9923210740089417
0.09853644669055939,-0.029303401708602905,0.5135706663131714
0.04826746881008148,-0.12246328592300415,0.06555086374282837
-0.13158224523067474,0.039365965873003006,0.9818089008331299
-0.11342278122901917,-0.07630640268325806,0.5037970542907715
-0.10212412476539612,-0.25077950954437256,0.08477085828781128
-0.02112031728029251,-0.035359129309654236,1.2411837577819824
0.01929413340985775,0.014436602592468262,1.4962239265441895
0.056952349841594696,0.09540373086929321,1.5767500400543213
0.05175245925784111,0.056830763816833496,1.6870465278625488
-0.10058377683162689,0.04770973324775696,1.434614896774292
-0.23330473899841309,0.032423898577690125,1.17079758644104
-0.17884083092212677,0.10529961436986923,0.9800001978874207
0.12419344484806061,-0.04366227984428406,1.406867504119873
0.18183471262454987,-0.11895275115966797,1.1185557842254639
0.20561164617538452,-0.051876455545425415,0.8979339599609375
