2.6586476451484486e-06,-1.0147723514819518e-05,0.9498236179351807
0.10663605481386185,-0.06797464936971664,0.9637938141822815
0.07546313107013702,-0.09871974587440491,0.47819438576698303
0.014351814985275269,-0.19383025169372559,0.030524253845214844
-0.10663885623216629,0.0679655373096466,0.9357816576957703
-0.1317104995250702,0.03408384323120117,0.45116329193115234
-0.2074437439441681,-0.06096392869949341,0.015009105205535889
-0.05495773255825043,-0.04148554801940918,1.1947492361068726
-0.016966145485639572,-0.007232964038848877,1.4423820972442627
0.016518445685505867,0.05850332975387573,1.5372188091278076
-0.0030280333012342453,0.0047814249992370605,1.6253857612609863
-0.0997929573059082,0.06098884344100952,1.3653841018676758
-0.09541237354278564,0.12244993448257446,1.0851178169250488
0.0232380423694849,0.15596657991409302,0.8578529953956604
0.07138985395431519,-0.08221730589866638,1.3645496368408203
0.20237073302268982,-0.16533271968364716,1.1055182218551636
0.35087674856185913,-0.13141369819641113,0.8949018716812134
