9.423338269698434e-07,-7.093496606103145e-06,0.9498134255409241
0.1278984546661377,-0.05109665170311928,0.9641794562339783
0.08329039812088013,-0.1178264319896698,0.48296210169792175
0.058401674032211304,-0.23971891403198242,0.040140748023986816
-0.12790024280548096,0.051087457686662674,0.9353913068771362
-0.1443030834197998,-0.008975416421890259,0.4550906717777252
-0.1769263595342636,-0.1027904748916626,0.0037473440170288086
-0.04179523140192032,-0.06112980842590332,1.1981170177459717
-0.004731139168143272,0.0018261373043060303,1.4462499618530273
0.0286396574229002,0.07705247402191162,1.5302473306655884
0.022616013884544373,0.03163963556289673,1.6299889087677002
-0.12171757221221924,0.03903776407241821,1.368436574935913
-0.2287694364786148,0.02356085181236267,1.0900179147720337
-0.245417058467865,0.07041463255882263,0.8421756625175476
0.10126236826181412,-0.06080889701843262,1.3670226335525513
0.16801409423351288,-0.13643360137939453,1.0874830484390259
0.18971292674541473,-0.0839453861117363,0.8461596369743347
