2.805841177178081e-06,-8.144963430822827e-06,0.9498212933540344
0.09422425180673599,-0.0944981575012207,0.9643155336380005
0.09277515113353729,-0.1204727292060852,0.47837311029434204
0.04255479574203491,-0.2128509283065796,0.03188425302505493
-0.09422773122787476,0.0944848582148552,0.9352593421936035
-0.08284027129411697,0.08303233981132507,0.4527333974838257
-0.20013830065727234,-0.02225649356842041,0.029725849628448486
-0.058152247220277786,-0.038007691502571106,1.198898196220398
0.023418590426445007,-0.053654879331588745,1.4421851634979248
0.07443292438983917,0.013202369213104248,1.52639639377594
0.0536840558052063,-0.0366477370262146,1.627061128616333
-0.03731466829776764,0.0538288950920105,1.3929232358932495
0.0050569698214530945,0.1803065836429596,1.13480544090271
0.20562118291854858,0.1304749995470047,1.043797492980957
0.07554024457931519,-0.1439007818698883,1.3400499820709229
0.13924306631088257,-0.19983096420764923,1.0524870157241821
0.2962265610694885,-0.13428671658039093,0.9539573788642883
