1.4095694496063516e-06,-7.973965693963692e-06,0.9498183727264404
0.10865265130996704,-0.07424101233482361,0.965002179145813
0.04417990893125534,-0.11226379871368408,0.4822746217250824
-0.030853822827339172,-0.20429003238677979,0.038698434829711914
-0.10865598917007446,0.0742306113243103,0.9345725774765015
-0.13199663162231445,0.04280358552932739,0.4519125819206238
-0.21106615662574768,-0.04890507459640503,0.011888265609741211
-0.061111122369766235,-0.04447533190250397,1.197013258934021
-0.017126165330410004,-0.006848424673080444,1.447857141494751
0.017410749569535255,0.0624774694442749,1.53871488571167
-0.0053333379328250885,0.01845473051071167,1.6364648342132568
-0.10201798379421234,0.06791600584983826,1.3749721050262451
-0.12216980755329132,0.14342337846755981,1.0939010381698608
0.011135898530483246,0.18633131682872772,0.8732059001922607
0.06696432828903198,-0.08820852637290955,1.3645730018615723
0.16063320636749268,-0.1737305372953415,1.0890107154846191
0.27516990900039673,-0.1306566298007965,0.8650001883506775
