5.427202722785296e-07,-4.909828930976801e-06,0.9498140215873718
0.10058540105819702,-0.08749955892562866,0.9688965082168579
0.05100846290588379,-0.12433499097824097,0.4860363006591797
-0.019148841500282288,-0.21106290817260742,0.04193931818008423
-0.10058774054050446,0.08748765289783478,0.9306774139404297
-0.11380200833082199,0.07285979390144348,0.45257019996643066
-0.23457510769367218,-0.02169501781463623,0.022634506225585938
-0.08463455736637115,-0.03587189316749573,1.1960783004760742
-0.04490538313984871,-0.016432106494903564,1.4486812353134155
0.0002520829439163208,0.04965108633041382,1.5342488288879395
-0.022095531225204468,0.013122618198394775,1.6402220726013184
-0.1181512326002121,0.0757865309715271,1.3771134614944458
-0.10399210453033447,0.1757756918668747,1.1044689416885376
0.08508042991161346,0.18800154328346252,0.930444598197937
0.029882684350013733,-0.10767754912376404,1.3665661811828613
0.10759317874908447,-0.1933368444442749,1.0922387838363647
0.2320348024368286,-0.14496681094169617,0.9027289748191833
