3.982003363489639e-06,-8.546327080694027e-06,0.9498215317726135
0.10046719759702682,-0.07905617356300354,0.9601197242736816
0.06563957035541534,-0.10784339904785156,0.47416210174560547
-0.010175801813602448,-0.19032222032546997,0.027866899967193604
-0.10047140717506409,0.07904388010501862,0.9394568204879761
-0.10145403444766998,0.08466371893882751,0.4563767910003662
-0.24411019682884216,-0.012635231018066406,0.04158836603164673
-0.04617908596992493,-0.04188130795955658,1.1996996402740479
0.013852616772055626,-0.03542900085449219,1.445990800857544
0.0385480560362339,0.038136839866638184,1.5320384502410889
0.016225414350628853,-0.005094408988952637,1.6298980712890625
-0.05616569519042969,0.04476448893547058,1.388608455657959
-0.03550314903259277,0.1323230266571045,1.1238843202590942
0.10374507308006287,0.1409498006105423,0.9091610312461853
0.08591437339782715,-0.11205294728279114,1.3525242805480957
0.21679994463920593,-0.1829211264848709,1.0845825672149658
0.3881716728210449,-0.12654165923595428,0.9331871867179871
