1.8077812455885578e-06,-8.167593477992341e-06,0.9498240947723389
0.08429908752441406,-0.09975074231624603,0.9684617519378662
0.0910901129245758,-0.12803754210472107,0.4817580580711365
0.023969784379005432,-0.21096038818359375,0.033631980419158936
-0.08430257439613342,0.09973739832639694,0.9311140179634094
-0.014576584100723267,0.07893887162208557,0.4539652168750763
-0.19383099675178528,-0.002636253833770752,0.04542255401611328
-0.08516129851341248,-0.03159239888191223,1.197536587715149
-0.05703175812959671,-0.029366999864578247,1.4463773965835571
-0.02708454802632332,0.03546440601348877,1.529097318649292
-0.05908331274986267,-0.002504289150238037,1.62802255153656
-0.10314048826694489,0.07019507884979248,1.3835878372192383
-0.001434333622455597,0.1672670841217041,1.1320154666900635
0.200517475605011,0.09437484294176102,1.0418950319290161
0.007603757083415985,-0.12148985266685486,1.3613643646240234
0.14660879969596863,-0.19645248353481293,1.0929620265960693
0.33303895592689514,-0.1370217204093933,1.0032960176467896
