1.2360924301901832e-06,-6.884258255013265e-06,0.9498193264007568
0.10172340273857117,-0.08381883800029755,0.9687755107879639
0.08594074845314026,-0.11157286167144775,0.4843595027923584
0.0389864444732666,-0.21059167385101318,0.03649705648422241
-0.10172604024410248,0.08380813896656036,0.9308001399040222
-0.0695456713438034,0.055616945028305054,0.4549019932746887
-0.2038920819759369,-0.027192771434783936,0.029234468936920166
-0.07178016752004623,-0.039037495851516724,1.1973788738250732
-0.05403667688369751,-0.011427432298660278,1.4482719898223877
-0.039613187313079834,0.06073141098022461,1.5350632667541504
-0.07254046946763992,0.021159350872039795,1.6312460899353027
-0.12072288990020752,0.06958964467048645,1.3722859621047974
-0.06886786222457886,0.1566942036151886,1.1084691286087036
0.1279071867465973,0.1320255845785141,0.9843059778213501
0.03135283291339874,-0.09428048133850098,1.372546911239624
0.16889551281929016,-0.16893726587295532,1.1104553937911987
0.32548987865448,-0.10241444408893585,0.959898829460144
