-3.706260940816719e-06,-7.2192597144749016e-06,0.9498246908187866
0.12430737912654877,-0.03743727132678032,0.9654992818832397
0.133701354265213,-0.07029736042022705,0.4785304069519043
0.15263456106185913,-0.2475455403327942,0.06375724077224731
-0.12430790066719055,0.03742510825395584,0.9340740442276001
-0.1122017428278923,-0.010976850986480713,0.4499710202217102
-0.10334412008523941,-0.13320791721343994,0.009960293769836426
-0.016150720417499542,-0.056728899478912354,1.1948436498641968
-0.001023935154080391,-0.009417533874511719,1.444763422012329
0.03271045163273811,0.05458015203475952,1.536723017692566
0.028857043012976646,-0.001410067081451416,1.6254771947860718
-0.11342373490333557,0.01780039072036743,1.3693186044692993
-0.2511439919471741,0.012885838747024536,1.1103765964508057
-0.32191044092178345,0.0812988430261612,0.878396213054657
0.10505540668964386,-0.04445621371269226,1.3721189498901367
0.1828109323978424,-0.02898496389389038,1.10247802734375
0.14837801456451416,0.08756060153245926,0.9046078324317932
