4.351932147983462e-09,-5.23332528246101e-06,0.9498162269592285
0.10121913254261017,-0.08743670582771301,0.9694945216178894
0.05317847430706024,-0.1222609281539917,0.4840422570705414
-0.024920925498008728,-0.20428860187530518,0.03924351930618286
-0.10122105479240417,0.08742384612560272,0.930079460144043
-0.09223274886608124,0.08399194478988647,0.45178452134132385
-0.23226776719093323,-0.04041093587875366,0.03923290967941284
-0.08623208850622177,-0.043440431356430054,1.1952545642852783
-0.045425236225128174,-0.026689589023590088,1.4480359554290771
-0.005174517631530762,0.039929211139678955,1.5339481830596924
-0.024082206189632416,0.001180112361907959,1.6396076679229736
-0.11834540963172913,0.06578120589256287,1.380047082901001
-0.10607866942882538,0.1718740463256836,1.110059142112732
0.09080209583044052,0.18461206555366516,0.9438551664352417
0.03025023639202118,-0.115471750497818,1.3633174896240234
0.12117956578731537,-0.19505493342876434,1.087225317955017
0.2667813003063202,-0.1460544317960739,0.9108887314796448
