-3.9709825614409056e-06,-4.699080818681978e-06,0.9498170614242554
0.12894877791404724,-0.0008935162331908941,0.9588280320167542
0.12689092755317688,-0.0240057110786438,0.47612932324409485
0.1616232991218567,-0.23928284645080566,0.07772183418273926
-0.12894853949546814,0.0008809419814497232,0.9407444000244141
-0.11356931924819946,-0.037518441677093506,0.45717087388038635
-0.08321730047464371,-0.13696801662445068,0.007370054721832275
0.033684201538562775,-0.0731208473443985,1.1967747211456299
-0.008360845036804676,-0.03713056445121765,1.4527223110198975
-0.021221227943897247,0.043257951736450195,1.528169870376587
-0.03472808003425598,0.004580497741699219,1.6304740905761719
-0.11715593189001083,-0.06293502449989319,1.3600468635559082
-0.2785007059574127,-0.08693443238735199,1.106310248374939
-0.44431978464126587,0.05042850971221924,1.0639461278915405
0.10675767064094543,-0.013737082481384277,1.4014654159545898
0.14394256472587585,0.0958065390586853,1.136819839477539
-0.04703059792518616,0.1685389280319214,1.0810686349868774
