1.6850663087097928e-08,-8.329885531566106e-06,0.9498199224472046
0.12084275484085083,-0.055426549166440964,0.9645510911941528
0.07559104263782501,-0.09847378730773926,0.48023590445518494
0.012338787317276001,-0.2129908800125122,0.03617042303085327
-0.12084615230560303,0.055414799600839615,0.9350221753120422
-0.12862248718738556,0.033329010009765625,0.456857293844223
-0.22737003862857819,-0.03819149732589722,0.01759999990463257
-0.04192033410072327,-0.05829352140426636,1.1937482357025146
-0.061956651508808136,0.0027179718017578125,1.4390417337417603
-0.05142804980278015,0.07320815324783325,1.527824878692627
-0.07550128549337387,0.027878522872924805,1.621183156967163
-0.15828323364257812,0.031013011932373047,1.342821717262268
-0.20603322982788086,0.025414638221263885,1.0588434934616089
-0.17534348368644714,0.059282541275024414,0.8336472511291504
0.050007037818431854,-0.04369539022445679,1.381233811378479
0.16572825610637665,-0.06635026633739471,1.1267019510269165
0.15031227469444275,0.019380584359169006,0.9068999886512756
