2.7608166419668123e-06,-7.301967343664728e-06,0.9498124122619629
0.12673050165176392,-0.05180758237838745,0.9628763794898987
0.07340998947620392,-0.12189829349517822,0.4827025234699249
0.0311373770236969,-0.2355366349220276,0.0412297248840332
-0.12673160433769226,0.05179957300424576,0.936695396900177
-0.1474674642086029,-0.03430405259132385,0.46142834424972534
-0.1740242838859558,-0.14470171928405762,0.01495903730392456
-0.03472115844488144,-0.0660271942615509,1.1979210376739502
-0.0024395305663347244,-0.0065288543701171875,1.4489818811416626
0.028411056846380234,0.06683158874511719,1.5335129499435425
0.019310500472784042,0.023269176483154297,1.6354196071624756
-0.11925274133682251,0.03465709090232849,1.371971607208252
-0.23157429695129395,0.02878430485725403,1.0948138236999512
-0.24975857138633728,0.08591009676456451,0.8474934697151184
0.10474362969398499,-0.07166492938995361,1.3716413974761963
0.18004637956619263,-0.1555326282978058,1.094038724899292
0.23371589183807373,-0.12476800382137299,0.8509316444396973
