-4.553661710815504e-06,-4.47841921413783e-06,0.9498178362846375
0.12486287206411362,0.0034114778973162174,0.9615689516067505
0.11177757382392883,0.004043608903884888,0.47948122024536133
0.19623690843582153,-0.21332550048828125,0.08576792478561401
-0.12486207485198975,-0.003424169961363077,0.9380037784576416
-0.12125171720981598,-0.03046703338623047,0.45758217573165894
-0.09259071201086044,-0.13381308317184448,0.011236190795898438
0.018363095819950104,-0.0717058926820755,1.1975831985473633
-0.007865149527788162,-0.02683180570602417,1.4511638879776
0.008774571120738983,0.05091005563735962,1.5289990901947021
0.01672065630555153,0.010904192924499512,1.6315133571624756
-0.11250147223472595,-0.05079898238182068,1.3607534170150757
-0.2422022819519043,-0.08891244232654572,1.089927077293396
-0.3527827262878418,0.02576318010687828,0.9378648996353149
0.09938783943653107,-0.00640636682510376,1.3950717449188232
0.12554405629634857,0.09824404120445251,1.1310817003250122
-0.031249359250068665,0.20075102150440216,0.9900216460227966
