2.4640494302730076e-06,-7.446822564816102e-06,0.949812650680542
0.1294628381729126,-0.04825631529092789,0.9637417793273926
0.08089669048786163,-0.12432995438575745,0.4822070896625519
0.04697069525718689,-0.25139570236206055,0.04383748769760132
-0.12946408987045288,0.048247452825307846,0.9358294606208801
-0.14136847853660583,-0.04394090175628662,0.45847418904304504
-0.1553831249475479,-0.1612168550491333,0.012974560260772705
-0.031748637557029724,-0.06837525963783264,1.1996766328811646
-0.0032522380352020264,-0.0075037479400634766,1.4494478702545166
0.0268060564994812,0.06554359197616577,1.533478021621704
0.019939806312322617,0.023713111877441406,1.635192632675171
-0.12282164394855499,0.027976691722869873,1.3713611364364624
-0.2371404469013214,0.01590542495250702,1.094497561454773
-0.2607177495956421,0.07361558824777603,0.846412181854248
0.10740011930465698,-0.0690145194530487,1.3744802474975586
0.19106394052505493,-0.14614394307136536,1.0964573621749878
0.25264042615890503,-0.10708965361118317,0.8572872877120972
