2.4856344680301845e-06,-6.569267497980036e-06,0.949811577796936
0.12591120600700378,-0.0524890273809433,0.9623273015022278
0.07191142439842224,-0.12292647361755371,0.4826510548591614
0.02882044017314911,-0.23712897300720215,0.04230314493179321
-0.12591248750686646,0.05248093605041504,0.9372443556785583
-0.1477208137512207,-0.032301127910614014,0.46285080909729004
-0.17671474814414978,-0.13820797204971313,0.015197515487670898
-0.03642855957150459,-0.06491057574748993,1.1981101036071777
-0.00017836224287748337,-0.00584787130355835,1.4489688873291016
0.030852405354380608,0.06745326519012451,1.5346455574035645
0.02164951153099537,0.023319482803344727,1.6364390850067139
-0.11630283296108246,0.036926835775375366,1.3724559545516968
-0.22707603871822357,0.03706403076648712,1.0950943231582642
-0.23603171110153198,0.09436222910881042,0.8453747630119324
0.10559667646884918,-0.07190707325935364,1.370591640472412
0.18008753657341003,-0.15484075248241425,1.0919814109802246
0.22918280959129333,-0.11844975501298904,0.8477345705032349
