-5.669300662702881e-06,-6.029693395248614e-06,0.9498199820518494
0.11836373805999756,0.0069615598767995834,0.9648938179016113
0.10990594327449799,-0.04247972369194031,0.4799962639808655
0.13442403078079224,-0.193109929561615,0.05209779739379883
-0.11836397647857666,-0.006975553929805756,0.9346787929534912
-0.13562333583831787,-0.03205007314682007,0.45355847477912903
-0.14190757274627686,-0.10972392559051514,0.0032962560653686523
0.007167281582951546,-0.05247306823730469,1.1997770071029663
-0.06507940590381622,-0.011708498001098633,1.4483121633529663
-0.08001241832971573,0.05651581287384033,1.5385346412658691
-0.08162564039230347,-0.005607306957244873,1.6244230270385742
-0.1505114883184433,-0.054149329662323,1.3409650325775146
-0.22625167667865753,-0.12408076226711273,1.0589790344238281
-0.3363879323005676,-0.035376839339733124,0.957151472568512
0.04392438381910324,0.023109346628189087,1.4065150022506714
0.11201094835996628,0.11192861199378967,1.1469378471374512
-0.05032460391521454,0.17448213696479797,1.0221449136734009
