-4.418762728164438e-06,-6.917602149769664e-06,0.9498220682144165
0.12171167135238647,0.01851094327867031,0.9638519883155823
0.1077418327331543,0.0027889609336853027,0.4812427759170532
0.1806214451789856,-0.20728594064712524,0.0795508623123169
-0.12171132862567902,-0.01852433569729328,0.9357215762138367
-0.13561557233333588,-0.03891324996948242,0.45633378624916077
-0.10718662291765213,-0.13596594333648682,0.005948305130004883
0.019125837832689285,-0.06183701753616333,1.2001831531524658
-0.044108130037784576,-0.040766000747680664,1.450746774673462
-0.05134335160255432,0.028708159923553467,1.5374212265014648
-0.05502854287624359,-0.0300176739692688,1.6262810230255127
-0.13250522315502167,-0.08431005477905273,1.3419146537780762
-0.22950084507465363,-0.13659881055355072,1.0650825500488281
-0.34110021591186523,-0.024060435593128204,1.034684181213379
0.06076670438051224,0.008156955242156982,1.417143702507019
0.08079154044389725,0.1391955316066742,1.1718329191207886
-0.12565943598747253,0.16625860333442688,1.1219929456710815
