7.268595254572574e-07,-7.350259693339467e-06,0.9498142600059509
0.12828923761844635,-0.051219213753938675,0.964077353477478
0.08733004331588745,-0.11696898937225342,0.48240554332733154
0.0634663999080658,-0.23975229263305664,0.03949648141860962
-0.12829110026359558,0.05121002346277237,0.9354935884475708
-0.14258937537670135,-0.009983181953430176,0.4538976550102234
-0.17273633182048798,-0.10566496849060059,0.003136157989501953
-0.04068508744239807,-0.06085707247257233,1.1982711553573608
-0.0017196089029312134,0.0018810629844665527,1.4456707239151
0.032182130962610245,0.07703554630279541,1.529491901397705
0.02635052055120468,0.03212159872055054,1.629572868347168
-0.11917166411876678,0.03919750452041626,1.368877649307251
-0.22707849740982056,0.021414801478385925,1.0906366109848022
-0.2466415911912918,0.06618283689022064,0.843643069267273
0.10394096374511719,-0.060707271099090576,1.3658095598220825
0.1693299412727356,-0.13643018901348114,1.0854823589324951
0.19117304682731628,-0.08479925245046616,0.8445230722427368
