-4.805622666026466e-06,-7.3509909270796925e-06,0.9498252868652344
0.12186158448457718,0.013247465714812279,0.9637119770050049
0.11658742278814316,0.005423367023468018,0.4774518311023712
0.18241095542907715,-0.2093380093574524,0.0844995379447937
-0.12186108529567719,-0.013261951506137848,0.9358614683151245
-0.1189897432923317,-0.037714868783950806,0.4534989297389984
-0.08463787287473679,-0.13857829570770264,0.0065402984619140625
0.02459367737174034,-0.06287011504173279,1.1999173164367676
-0.02338363602757454,-0.03825950622558594,1.4519481658935547
-0.015371836721897125,0.03219723701477051,1.5346394777297974
-0.01762198470532894,-0.019814729690551758,1.628657579421997
-0.11986304819583893,-0.07441753149032593,1.3486309051513672
-0.25870248675346375,-0.11240196228027344,1.0830029249191284
-0.3909318447113037,0.01595219224691391,1.0415486097335815
0.0817754939198494,0.0013413727283477783,1.416346549987793
0.0893775075674057,0.14032065868377686,1.173931360244751
-0.1066930741071701,0.19903312623500824,1.1115859746932983
