-5.922720447415486e-06,-5.382145900512114e-06,0.9498180150985718
0.12581148743629456,-0.004504343029111624,0.9621270895004272
0.10678057372570038,-0.06757843494415283,0.4779689908027649
0.09795334935188293,-0.21498322486877441,0.04796111583709717
-0.12581118941307068,0.004492000676691532,0.9374460577964783
-0.1473000943660736,-0.017712563276290894,0.4577382206916809
-0.17666923999786377,-0.09912747144699097,0.009499132633209229
0.01346481405198574,-0.053898170590400696,1.1996471881866455
-0.0516994409263134,-0.003198951482772827,1.4481401443481445
-0.060399726033210754,0.07191908359527588,1.529590129852295
-0.0647803544998169,0.02230691909790039,1.6276562213897705
-0.14990870654582977,-0.03903543949127197,1.3431923389434814
-0.2498352825641632,-0.1025354266166687,1.0638298988342285
-0.3800554871559143,0.0003713555634021759,0.9469451308250427
0.06861445307731628,0.01946699619293213,1.4041566848754883
0.14772120118141174,0.10121406614780426,1.1430126428604126
-0.029748059809207916,0.18853089213371277,1.0349509716033936
