-1.9513054212438874e-06,-6.251684681046754e-06,0.94981849193573
0.12528671324253082,-0.03386615216732025,0.9633144736289978
0.12706522643566132,-0.06630897521972656,0.4766390919685364
0.14075013995170593,-0.23485064506530762,0.05741387605667114
-0.1252874732017517,0.03385264426469803,0.9362578988075256
-0.10802587866783142,0.0020061135292053223,0.4530079960823059
-0.09804857522249222,-0.1033899188041687,0.007357001304626465
0.0011196117848157883,-0.06412304937839508,1.1965172290802002
-0.0028773872181773186,-0.008509546518325806,1.447683572769165
0.020823311060667038,0.06943809986114502,1.524986982345581
0.011853210628032684,0.03446477651596069,1.6286461353302002
-0.11604039371013641,0.005277425050735474,1.3614970445632935
-0.27113208174705505,-0.0026835501194000244,1.1037261486053467
-0.3750368356704712,0.11270356923341751,0.927000105381012
0.1077088862657547,-0.03307300806045532,1.3849155902862549
0.17943543195724487,0.005350455641746521,1.1209527254104614
0.08924960345029831,0.12683430314064026,0.9525755047798157
