2.5844065021374263e-06,-7.499749699491076e-06,0.9498119950294495
0.13037139177322388,-0.04751412570476532,0.9640182852745056
0.0808589905500412,-0.12396252155303955,0.4832767844200134
0.04732517898082733,-0.2468058466911316,0.04386734962463379
-0.1303723156452179,0.04750514030456543,0.9355527758598328
-0.14237885177135468,-0.04490891098976135,0.4602559506893158
-0.15440627932548523,-0.16307133436203003,0.014974474906921387
-0.03383133187890053,-0.06836262345314026,1.2001217603683472
-0.005025189369916916,-0.008645564317703247,1.4499672651290894
0.027119886130094528,0.06580948829650879,1.5330734252929688
0.01922331564128399,0.024798095226287842,1.6359013319015503
-0.12476631999015808,0.027553290128707886,1.3721470832824707
-0.23529568314552307,0.01663897931575775,1.0935850143432617
-0.25180405378341675,0.07281515747308731,0.846705436706543
0.1059073656797409,-0.0694965124130249,1.3744765520095825
0.18342381715774536,-0.14453089237213135,1.0959378480911255
0.23843109607696533,-0.10294302552938461,0.8531813621520996
