-2.3842071641411167e-06,-7.223996362881735e-06,0.9498214721679688
0.12473466992378235,-0.049582913517951965,0.9632312655448914
0.14442192018032074,-0.08628016710281372,0.4805651605129242
0.1562494933605194,-0.2669839859008789,0.06385034322738647
-0.12473592162132263,0.04957199841737747,0.9363428950309753
-0.11057314276695251,-0.011681437492370605,0.4533752501010895
-0.10692611336708069,-0.12419086694717407,0.007264673709869385
-0.021582182496786118,-0.05515342950820923,1.1951547861099243
0.024943344295024872,-0.006838709115982056,1.442177414894104
0.06388457119464874,0.06039327383041382,1.5307185649871826
0.06242239475250244,0.011097729206085205,1.6262526512145996
-0.08675023913383484,0.035110265016555786,1.3757935762405396
-0.1945306360721588,0.04180409014225006,1.1104239225387573
-0.21574951708316803,0.09422530233860016,0.8674928545951843
0.1242356151342392,-0.05626636743545532,1.3568029403686523
0.2007221281528473,-0.06025644391775131,1.079333782196045
0.16025316715240479,0.060977205634117126,0.8840481042861938
