-1.1148958947160281e-06,-8.978382538771257e-06,0.95023113489151
0.1343322992324829,-0.03604210168123245,0.9612060785293579
0.10481858253479004,-0.09813719987869263,0.475694477558136
0.09510540962219238,-0.2392793893814087,0.03811389207839966
-0.13433533906936646,0.03603203594684601,0.9391823410987854
-0.17098551988601685,-0.018552780151367188,0.4550311267375946
-0.17828267812728882,-0.14378517866134644,0.01024019718170166
-0.02265661209821701,-0.07145631313323975,1.1969298124313354
0.020502086728811264,-0.020225703716278076,1.4430724382400513
0.04558748006820679,0.058759868144989014,1.5257549285888672
0.039586640894412994,0.018032491207122803,1.628894329071045
-0.0989287942647934,0.006723225116729736,1.3804733753204346
-0.19671684503555298,-0.00363217294216156,1.1029973030090332
-0.19171684980392456,0.053867265582084656,0.8536022901535034
0.12641552090644836,-0.06747007369995117,1.3477799892425537
0.18003566563129425,-0.11117595434188843,1.05440092086792
0.1945444494485855,-0.04412652552127838,0.8178345561027527
