-1.384462393616559e-06,-7.97200482338667e-06,0.9502294659614563
0.12903013825416565,-0.01798359677195549,0.9572330117225647
0.07744845747947693,-0.017410188913345337,0.48162513971328735
0.04476091265678406,-0.11297142505645752,0.03632402420043945
-0.12903158366680145,0.017974605783820152,0.9431569576263428
-0.20111601054668427,-0.029354870319366455,0.4674622118473053
-0.28186145424842834,-0.12178868055343628,0.029784202575683594
-0.027979934588074684,-0.06333574652671814,1.1960777044296265
-0.0207037553191185,0.007397353649139404,1.4396190643310547
-0.02939915657043457,0.08445769548416138,1.5244841575622559
-0.03248603269457817,0.03831082582473755,1.6237764358520508
-0.1417531967163086,0.007605642080307007,1.3623127937316895
-0.295627623796463,-0.007711559534072876,1.1051146984100342
-0.39309161901474,0.06767930835485458,0.8795540928840637
0.09842300415039062,-0.01993754506111145,1.3579368591308594
0.23260238766670227,-0.061360135674476624,1.0920286178588867
0.3281383216381073,-0.02551780641078949,0.8457789421081543
