-6.757650226063561e-07,-8.391407391172834e-06,0.9502299427986145
0.1341305673122406,-0.01991989277303219,0.9552531242370605
0.08273361623287201,-0.06335535645484924,0.4810749292373657
0.07516619563102722,-0.2499244213104248,0.05480456352233887
-0.13413134217262268,0.019909555092453957,0.9451348781585693
-0.16702739894390106,0.0028705894947052,0.4636112451553345
-0.2172490954399109,-0.1422087550163269,0.02940499782562256
0.004102660343050957,-0.06964223086833954,1.1962571144104004
0.04637337103486061,-0.015682697296142578,1.4410592317581177
0.06588155031204224,0.06659990549087524,1.5265905857086182
0.06619993597269058,0.007502615451812744,1.6159902811050415
-0.07525600492954254,0.009254157543182373,1.3805286884307861
-0.14089654386043549,0.07952374219894409,1.1041382551193237
0.0023325756192207336,0.16337063908576965,1.246872901916504
0.15919800102710724,-0.04186016321182251,1.355233907699585
0.22893640398979187,0.0009511187672615051,1.0639089345932007
0.12789176404476166,0.16919930279254913,1.1813617944717407
