-7.783073669997975e-07,-9.10548260435462e-06,0.9502365589141846
0.13681866228580475,-0.009970570914447308,0.9543510675430298
0.10510684549808502,-0.021899640560150146,0.47326844930648804
0.14061392843723297,-0.20118308067321777,0.05434936285018921
-0.1368197202682495,0.009959626942873001,0.9460363388061523
-0.15979212522506714,-0.02519667148590088,0.4575820863246918
-0.16081349551677704,-0.11353576183319092,0.0041692256927490234
-0.0038508642464876175,-0.06606031954288483,1.19968843460083
0.016444891691207886,0.006167888641357422,1.4424327611923218
0.042834773659706116,0.08661878108978271,1.516897439956665
0.04675159603357315,0.05346733331680298,1.6249340772628784
-0.10368247330188751,-0.004067867994308472,1.3687382936477661
-0.20563191175460815,-0.06247759610414505,1.0944457054138184
-0.17985278367996216,-0.05119967460632324,0.8551163673400879
0.12957382202148438,-0.00650295615196228,1.3613613843917847
0.1798935830593109,-0.007003918290138245,1.0755743980407715
0.13237076997756958,0.10290287435054779,0.8533095121383667
