6.696097898384323e-07,-8.311362762469798e-06,0.9502326250076294
0.09209230542182922,-0.08707790821790695,0.9606358408927917
0.13418474793434143,-0.10664758086204529,0.48083215951919556
0.13177667558193207,-0.21084487438201904,0.030333340167999268
-0.09209482371807098,0.08706291019916534,0.9397570490837097
-0.09876762330532074,0.07753294706344604,0.4548899829387665
-0.295513391494751,-0.0071631669998168945,0.04861187934875488
-0.017609769478440285,-0.036527618765830994,1.2002694606781006
0.08409933000802994,-0.028160303831100464,1.4288232326507568
0.14689341187477112,0.044476449489593506,1.4880504608154297
0.14680668711662292,-0.00015246868133544922,1.5965616703033447
0.010283291339874268,0.06822338700294495,1.3790035247802734
0.004976794123649597,0.18156805634498596,1.1158647537231445
0.18128176033496857,0.07779558002948761,1.1476571559906006
0.1349581778049469,-0.10961028933525085,1.3327733278274536
0.18434667587280273,-0.09775614738464355,1.0506749153137207
0.23331177234649658,0.0537085086107254,1.1440869569778442
