-2.0160268832114525e-06,-7.496153557440266e-06,0.9502331614494324
0.1326625943183899,-0.03055543638765812,0.952870786190033
0.10273167490959167,-0.09088060259819031,0.46977925300598145
0.04121498763561249,-0.18683946132659912,0.028270959854125977
-0.132666677236557,0.030543716624379158,0.947517991065979
-0.19033771753311157,0.012883782386779785,0.46170005202293396
-0.2435220181941986,-0.0891885757446289,0.02228027582168579
-0.010072083212435246,-0.06974510848522186,1.1985211372375488
0.050586506724357605,-0.002697080373764038,1.4372400045394897
0.07790582627058029,0.08289074897766113,1.5097966194152832
0.08840738236904144,0.0410115122795105,1.6190476417541504
-0.07508445531129837,0.015318602323532104,1.3745245933532715
-0.22681105136871338,-0.009217336773872375,1.113556981086731
-0.32415586709976196,0.046541307121515274,0.8742188215255737
0.1551627218723297,-0.04601001739501953,1.3417291641235352
0.2165820598602295,-0.10337721556425095,1.063528060913086
0.28610658645629883,-0.0781271755695343,0.8200480341911316
