6.650554496445693e-06,-1.8864495359594002e-05,0.9502496719360352
0.13168013095855713,-0.011096264235675335,0.955137312412262
0.09413528442382812,0.07801198959350586,0.4867077171802521
0.12006875872612,-0.12746232748031616,0.07390141487121582
-0.13167907297611237,0.011083139106631279,0.9452659487724304
-0.15302103757858276,0.07512301206588745,0.4832332730293274
-0.17001381516456604,-0.055098116397857666,0.049098193645477295
0.02329225093126297,0.114356130361557,1.1229735612869263
0.034265100955963135,0.3496024012565613,1.1803467273712158
0.04825892299413681,0.46921467781066895,1.0858733654022217
0.08701498806476593,0.5303282737731934,1.1823348999023438
-0.09029299020767212,0.31147298216819763,1.1582210063934326
-0.1617448776960373,0.19639228284358978,0.9318056106567383
-0.02674788236618042,0.3046683371067047,0.9541827440261841
0.15000367164611816,0.29340535402297974,1.1357316970825195
0.19538338482379913,0.19514155387878418,0.8668898344039917
0.08362594246864319,0.35264432430267334,0.841954231262207
