7.901189746917225e-07,-1.0521256626816466e-05,0.9502328634262085
0.10668745636940002,-0.07667248696088791,0.9612205624580383
0.14507901668548584,-0.1084134578704834,0.4812769293785095
0.1666136384010315,-0.24925106763839722,0.0401577353477478
-0.10668963193893433,0.076658695936203,0.9391725063323975
-0.1193937137722969,0.05266737937927246,0.45254528522491455
-0.21236059069633484,-0.0581662654876709,0.01824331283569336
-0.008904429152607918,-0.04961831867694855,1.1971659660339355
0.10922561585903168,-0.03310719132423401,1.4178247451782227
0.17715632915496826,0.04032966494560242,1.4724516868591309
0.18673931062221527,-0.0051656365394592285,1.5805310010910034
0.007951831445097923,0.05608835816383362,1.3797471523284912
-0.11511233448982239,0.1808624118566513,1.1481841802597046
0.08921706676483154,0.1465252935886383,1.1147832870483398
0.17036639153957367,-0.11322659254074097,1.3164036273956299
0.23584386706352234,-0.11127027124166489,1.0348217487335205
0.30090954899787903,0.03859509527683258,1.1816157102584839
