3.7283534766174853e-06,-1.4829789506620727e-05,0.9502348899841309
0.1296727955341339,0.00894621480256319,0.9508112072944641
0.09326165914535522,0.14701151847839355,0.49387213587760925
0.13874024152755737,-0.0942334532737732,0.09877145290374756
-0.12967294454574585,-0.00896301120519638,0.9495863318443298
-0.16148453950881958,0.11187243461608887,0.5057468414306641
-0.17662756145000458,-0.0640992522239685,0.08713918924331665
0.01794981211423874,0.1411862075328827,1.0967739820480347
0.03225898742675781,0.40852826833724976,1.1209229230880737
0.010733798146247864,0.5140959620475769,1.033218502998352
0.0357544869184494,0.5939999222755432,1.1400566101074219
-0.09803757071495056,0.3466413617134094,1.1001393795013428
-0.20037266612052917,0.22447943687438965,0.8858833312988281
-0.0720580518245697,0.35235488414764404,0.8260283470153809
0.1542273908853531,0.3549962043762207,1.066338300704956
0.20976375043392181,0.23970437049865723,0.8105967044830322
0.11635151505470276,0.3813738524913788,0.7312977313995361
