-1.1335087037878111e-05,-6.3371808209922165e-06,0.9502332806587219
0.12308897823095322,0.027285629883408546,0.961692750453949
0.09456010162830353,0.01094558835029602,0.4806438684463501
0.12534359097480774,-0.13917768001556396,0.04535430669784546
-0.12309016287326813,-0.027294764295220375,0.9386996030807495
-0.21477562189102173,-0.0301973819732666,0.4746705889701843
-0.2266893833875656,-0.11000531911849976,0.01589113473892212
-0.02712235227227211,-0.04146142303943634,1.1958187818527222
-0.1080082356929779,0.05309724807739258,1.432288408279419
-0.13441580533981323,0.13301599025726318,1.500081181526184
-0.1412988007068634,0.09756046533584595,1.6044352054595947
-0.1937350332736969,-0.004571378231048584,1.3451032638549805
-0.2559051513671875,-0.057423099875450134,1.0694271326065063
-0.25816744565963745,0.10559821128845215,1.1252096891403198
0.016272231936454773,0.08426663279533386,1.3761848211288452
0.15761464834213257,0.1179792582988739,1.122697114944458
-0.03639879822731018,0.19119396805763245,1.0655065774917603
