-5.672400220646523e-06,-7.582319085486233e-06,0.9502343535423279
0.12849852442741394,-0.03392820060253143,0.9634402394294739
0.105862557888031,-0.07385683059692383,0.4818146228790283
0.06585010886192322,-0.22236108779907227,0.04528528451919556
-0.1284998655319214,0.033917784690856934,0.9369512796401978
-0.14422723650932312,-0.010004401206970215,0.4514600336551666
-0.23305697739124298,-0.14871442317962646,0.025332629680633545
-0.03334251418709755,-0.050194352865219116,1.1991052627563477
-0.01512972079217434,0.00405392050743103,1.4436019659042358
0.021233104169368744,0.07958716154098511,1.5252838134765625
0.016390057280659676,0.02059471607208252,1.6160597801208496
-0.12473630905151367,0.044794321060180664,1.3741499185562134
-0.12787771224975586,0.1375885307788849,1.1077741384506226
-0.01025446504354477,0.1678461730480194,1.2943862676620483
0.09576230496168137,-0.03696891665458679,1.3706872463226318
0.19875085353851318,-0.01983100175857544,1.0952426195144653
0.10062624514102936,0.14780621230602264,1.2071977853775024
