-8.630145202914719e-07,-8.686603905516677e-06,0.9502296447753906
0.1227099597454071,-0.049902476370334625,0.9685627222061157
0.20086786150932312,-0.03205189108848572,0.4892891049385071
0.25629130005836487,-0.2417181134223938,0.08870828151702881
-0.12270857393741608,0.04989543557167053,0.9318291544914246
-0.12459972500801086,-0.014924019575119019,0.4520818889141083
-0.15223641693592072,-0.14828979969024658,0.016273796558380127
-0.0492633655667305,-0.04187934100627899,1.1962833404541016
-0.05559583008289337,0.040408968925476074,1.438846230506897
-0.017753854393959045,0.12657660245895386,1.496485948562622
-0.02212551236152649,0.11151933670043945,1.6096410751342773
-0.16158954799175262,0.07422322034835815,1.3581058979034424
-0.19815859198570251,0.12285707890987396,1.076159954071045
-0.07340008020401001,0.20928731560707092,1.1924679279327393
0.05927354842424393,-0.008838236331939697,1.377454161643982
0.18114358186721802,-0.0024078190326690674,1.1009926795959473
0.042764030396938324,0.1636810004711151,1.1524739265441895
