3.981795089202933e-07,-9.852756193140522e-06,0.9502265453338623
0.13588812947273254,-0.007706760428845882,0.967563807964325
0.15938997268676758,0.021097004413604736,0.4890766143798828
0.14852260053157806,-0.1421002745628357,0.05243295431137085
-0.13588500022888184,0.007697991095483303,0.9328323006629944
-0.11093185842037201,0.04681968688964844,0.4553254246711731
-0.1765962392091751,-0.07371646165847778,0.02284061908721924
-0.015665289014577866,0.05588269233703613,1.1683706045150757
-0.011783480644226074,0.28463131189346313,1.2954471111297607
0.003209322690963745,0.41075560450553894,1.2900105714797974
0.006311878561973572,0.4404149353504181,1.403863787651062
-0.13741087913513184,0.259185254573822,1.2249445915222168
-0.16618028283119202,0.19568370282649994,0.9387050271034241
-0.07184652984142303,0.25141048431396484,0.7288055419921875
0.11704239249229431,0.2378474473953247,1.2422298192977905
0.1929967999458313,0.1792934089899063,0.9640038013458252
0.1607285439968109,0.2772359848022461,0.7532800436019897
