1.4843017197563313e-06,-8.80418338056188e-06,0.9502283334732056
0.12573528289794922,-0.05140743777155876,0.9666516780853271
0.08834719657897949,-0.10576695203781128,0.4807443916797638
0.05197194218635559,-0.22152018547058105,0.03588169813156128
-0.12573616206645966,0.05139802023768425,0.933738648891449
-0.16396911442279816,-0.015137255191802979,0.45162224769592285
-0.2320195883512497,-0.11071133613586426,0.0059465765953063965
-0.0598163828253746,-0.06180785596370697,1.1963351964950562
-0.02249622903764248,-0.016873210668563843,1.4447399377822876
0.012244995683431625,0.05771636962890625,1.528725504875183
0.007964413613080978,0.014717578887939453,1.6325695514678955
-0.1301995813846588,0.03276193141937256,1.3700217008590698
-0.1987050473690033,0.061004698276519775,1.0843466520309448
-0.11828255653381348,0.11201593279838562,0.8464155793190002
0.07662571966648102,-0.08115023374557495,1.361720323562622
0.1565920114517212,-0.15581414103507996,1.0826305150985718
0.22751110792160034,-0.12268570065498352,0.8446702361106873
