3.746238235180499e-07,-9.366118320031092e-06,0.9502310752868652
0.12575384974479675,-0.008265826851129532,0.9547937512397766
0.09484449774026871,-0.017049401998519897,0.472980260848999
0.0915723443031311,-0.1484135389328003,0.03760772943496704
-0.12575621902942657,0.008254598826169968,0.9455960988998413
-0.2170916497707367,-0.017303764820098877,0.4675002992153168
-0.27255797386169434,-0.08560407161712646,0.017681896686553955
-0.01639709435403347,-0.05909295380115509,1.1979142427444458
-0.03306001424789429,0.019270986318588257,1.442263126373291
-0.04075690358877182,0.09785199165344238,1.5186841487884521
-0.0437081903219223,0.058856964111328125,1.621333360671997
-0.14680899679660797,0.0069727301597595215,1.3592785596847534
-0.3057234287261963,-0.013979539275169373,1.1104680299758911
-0.42740124464035034,0.0692276656627655,0.9058915376663208
0.0849401205778122,0.002535700798034668,1.3681182861328125
0.21319875121116638,-0.0387260764837265,1.1057286262512207
0.3085528016090393,-0.0014097616076469421,0.8617404103279114
