-2.180107458116254e-06,-8.920353138819337e-06,0.9502338767051697
0.11983086168766022,-0.03883042931556702,0.9660430550575256
0.07531147450208664,-0.08344468474388123,0.4854448735713959
0.043839916586875916,-0.20744246244430542,0.037909090518951416
-0.1198304146528244,0.038822464644908905,0.9343486428260803
-0.2074352204799652,0.035960495471954346,0.4617112874984741
-0.32369711995124817,-0.040596723556518555,0.019641220569610596
-0.04776304215192795,-0.03356592357158661,1.1954270601272583
-0.09325063228607178,0.04069042205810547,1.4361693859100342
-0.09394411742687225,0.12159627676010132,1.5138828754425049
-0.11080038547515869,0.07056808471679688,1.6040478944778442
-0.17999666929244995,0.06587272882461548,1.3379707336425781
-0.14570245146751404,0.11688206344842911,1.050696611404419
-0.052598483860492706,0.15229836106300354,1.1710186004638672
0.02317843586206436,0.007294327020645142,1.3835830688476562
0.14381131529808044,0.035909503698349,1.124887228012085
-0.006129957735538483,0.156532883644104,1.1942784786224365
