-2.2727713258063886e-06,-9.1160909505561e-06,0.9502333998680115
0.12812407314777374,-0.017981313169002533,0.9573270082473755
0.08191251754760742,-0.020305871963500977,0.48166266083717346
0.055935025215148926,-0.12957942485809326,0.03941214084625244
-0.128126323223114,0.017970815300941467,0.9430634379386902
-0.2003995031118393,-0.015637308359146118,0.4639435410499573
-0.27264970541000366,-0.08373129367828369,0.020091354846954346
-0.02705821767449379,-0.06001393496990204,1.1954625844955444
-0.026057712733745575,0.010275810956954956,1.439366340637207
-0.035681456327438354,0.08835113048553467,1.5206501483917236
-0.03712671995162964,0.04371100664138794,1.6197071075439453
-0.1456070840358734,0.008044242858886719,1.3624110221862793
-0.30745139718055725,-0.0094088613986969,1.1137020587921143
-0.4247139096260071,0.06508266925811768,0.9017212390899658
0.09236923605203629,-0.01581108570098877,1.3595292568206787
0.23017728328704834,-0.05987538397312164,1.098090648651123
0.34106189012527466,-0.025520265102386475,0.8586449027061462
