-4.0431864363199566e-06,-1.3328597560757771e-05,0.9502367377281189
0.13219855725765228,-0.007154477760195732,0.9584668874740601
0.12496630847454071,0.11335468292236328,0.5026153326034546
0.11692635715007782,-0.10970044136047363,0.10199850797653198
-0.13219541311264038,0.007141247391700745,0.9419310092926025
-0.1347741037607193,0.12188178300857544,0.4851514399051666
-0.18158048391342163,-0.03718531131744385,0.06880766153335571
0.007814738899469376,0.14524775743484497,1.0946072340011597
0.010661467909812927,0.4099893569946289,1.1260277032852173
0.011729434132575989,0.5194519758224487,1.0360084772109985
0.024379640817642212,0.5913761854171753,1.1440250873565674
-0.12060615420341492,0.3656776547431946,1.070037603378296
-0.1544336974620819,0.2684905230998993,0.8012522459030151
-0.055647194385528564,0.3999452292919159,0.8584904074668884
0.1389232873916626,0.34607136249542236,1.1058530807495117
0.21970966458320618,0.22259806096553802,0.8616493940353394
0.10997280478477478,0.384793758392334,0.8366844654083252
