9.78403477347456e-07,-8.66560912982095e-06,0.9502310752868652
0.11682988703250885,-0.05635184794664383,0.9606220126152039
0.15342149138450623,-0.09022501111030579,0.4824816882610321
0.1496923863887787,-0.2004375457763672,0.03364616632461548
-0.11683157086372375,0.056341104209423065,0.939770519733429
-0.1324731707572937,0.02736419439315796,0.4517262578010559
-0.20074763894081116,-0.09511995315551758,0.016562044620513916
-0.007052581757307053,-0.050901517271995544,1.1989890336990356
0.07950890064239502,0.008143454790115356,1.419609546661377
0.12744584679603577,0.11215579509735107,1.457862377166748
0.14720800518989563,0.09321928024291992,1.5748167037963867
-0.023358702659606934,0.07072791457176208,1.361107587814331
-0.02989363670349121,0.1505439579486847,1.0789000988006592
0.1432790756225586,0.11515733599662781,1.172669768333435
0.16270940005779266,-0.05652472376823425,1.3333739042282104
0.21083372831344604,-0.023946069180965424,1.0396943092346191
0.1930864155292511,0.12938131392002106,1.1920368671417236
