2.7459236662252806e-07,-8.890088793123141e-06,0.9502295851707458
0.1312737762928009,-0.03000349923968315,0.9656546115875244
0.11270815134048462,-0.07976546883583069,0.48382940888404846
0.08688440918922424,-0.20040744543075562,0.03948181867599487
-0.13127508759498596,0.029991185292601585,0.9347362518310547
-0.1410168558359146,-0.024090737104415894,0.4546660780906677
-0.21095168590545654,-0.11563968658447266,0.011978507041931152
-0.044230394065380096,-0.05650512874126434,1.1965209245681763
-0.03525679558515549,0.024810850620269775,1.4406193494796753
-0.014020763337612152,0.1038476824760437,1.527266502380371
-0.026501759886741638,0.05543506145477295,1.62184739112854
-0.14365088939666748,0.042030394077301025,1.3602476119995117
-0.162567600607872,0.018314048647880554,1.0728815793991089
-0.10083004087209702,0.0411706417798996,0.8404762148857117
0.07714556157588959,-0.01793423295021057,1.3662641048431396
0.12651097774505615,-0.05359049141407013,1.0792386531829834
0.1495480239391327,-0.01861651986837387,0.8364993929862976
