-2.4684227355464827e-06,-1.3988414139021188e-05,0.9502354860305786
0.13236549496650696,-0.006300784647464752,0.958022952079773
0.12339691072702408,0.12284672260284424,0.504389226436615
0.12143558263778687,-0.10390114784240723,0.1060444712638855
-0.13236242532730103,0.006288345903158188,0.9423742294311523
-0.14041019976139069,0.12856626510620117,0.48882415890693665
-0.17979322373867035,-0.03888404369354248,0.07479417324066162
0.009070642292499542,0.14230075478553772,1.0948588848114014
0.016204237937927246,0.4067135453224182,1.1275410652160645
0.012315064668655396,0.5186136960983276,1.0403437614440918
0.027782320976257324,0.5870909094810486,1.1497347354888916
-0.11582610011100769,0.36260658502578735,1.0766891241073608
-0.15229031443595886,0.2691034972667694,0.8080956935882568
-0.051296740770339966,0.4027020335197449,0.8620340824127197
0.14354513585567474,0.34451746940612793,1.1008150577545166
0.21902678906917572,0.2316589057445526,0.8511335849761963
0.10571078956127167,0.39035093784332275,0.8265960812568665
