-6.959164693398634e-07,-7.791000825818628e-06,0.9502206444740295
0.13573646545410156,-0.007842754945158958,0.9648767113685608
0.09146972000598907,-0.016131550073623657,0.4897119104862213
0.11222171783447266,-0.18082749843597412,0.05255812406539917
-0.13573428988456726,0.007834536023437977,0.9355140328407288
-0.16927888989448547,-0.006171107292175293,0.461324006319046
-0.1999506652355194,-0.11819332838058472,0.011704206466674805
-0.0274897962808609,-0.03622955083847046,1.1955357789993286
-0.03162766993045807,0.10757702589035034,1.4051973819732666
-0.00690314918756485,0.19947272539138794,1.4803223609924316
-0.010189265012741089,0.15766161680221558,1.5787073373794556
-0.14912249147891998,0.0952376127243042,1.3247740268707275
-0.1788170039653778,0.057910844683647156,1.0289901494979858
-0.13634470105171204,0.10188813507556915,0.7889474630355835
0.08992385864257812,0.08076164126396179,1.326129674911499
0.1499129980802536,0.07081359624862671,1.0292606353759766
0.0892389714717865,0.1556418389081955,0.8011511564254761
