-6.01923147769412e-07,-8.202068784157746e-06,0.9502272605895996
0.13466903567314148,-0.012825237587094307,0.9609532952308655
0.11572340130805969,-0.06283757090568542,0.4747454524040222
0.1266465187072754,-0.18898475170135498,0.029604554176330566
-0.13467146456241608,0.01281137764453888,0.9394351243972778
-0.16928090155124664,-0.009795188903808594,0.4558645188808441
-0.17573878169059753,-0.09512984752655029,0.004689216613769531
0.003735911101102829,-0.06179790198802948,1.202582836151123
0.01472874078899622,0.02279198169708252,1.442821979522705
0.031029153615236282,0.12863725423812866,1.4764676094055176
0.036014072597026825,0.1316964030265808,1.5955934524536133
-0.10595807433128357,0.009948790073394775,1.3777894973754883
-0.20826397836208344,-0.10288941860198975,1.1207245588302612
-0.21417725086212158,-0.09350305795669556,0.8748596906661987
0.13310973346233368,-0.0014387965202331543,1.3727500438690186
0.15535932779312134,-0.06593196094036102,1.1048189401626587
0.12187573313713074,-0.029901325702667236,0.8833823204040527
