3.479188308119774e-06,-1.5167690435191616e-05,0.9502339363098145
0.12964802980422974,0.01076892763376236,0.9486770629882812
0.09380576014518738,0.14797914028167725,0.4876754879951477
0.142621248960495,-0.10051006078720093,0.09946054220199585
-0.1296478509902954,-0.010784788057208061,0.9517199397087097
-0.16920331120491028,0.11548534035682678,0.5063978433609009
-0.17340737581253052,-0.05381011962890625,0.086040198802948
0.020402144640684128,0.13723590970039368,1.0963226556777954
0.03192165493965149,0.4030678868293762,1.1251709461212158
0.005471155047416687,0.5207319855690002,1.0451581478118896
0.03429064154624939,0.587626039981842,1.153334379196167
-0.09561470150947571,0.341929167509079,1.1003812551498413
-0.17120862007141113,0.22001469135284424,0.8630243539810181
-0.054869771003723145,0.3631206154823303,0.8495318293571472
0.15339848399162292,0.35340529680252075,1.0684139728546143
0.20736530423164368,0.2499212771654129,0.8091186881065369
0.09621210396289825,0.38744786381721497,0.7466330528259277
