-6.951222530915402e-07,-7.87073076935485e-06,0.9502262473106384
0.13431379199028015,-0.014634093269705772,0.9613345861434937
0.11538182199001312,-0.06581029295921326,0.4741564989089966
0.12160980701446533,-0.18919020891189575,0.02852785587310791
-0.13431671261787415,0.014620254747569561,0.9390536546707153
-0.1697080135345459,-0.01100999116897583,0.45544639229774475
-0.1797700822353363,-0.09926742315292358,0.005822896957397461
-0.00030126236379146576,-0.05900450050830841,1.2029749155044556
0.014273341745138168,0.025052279233932495,1.4433424472808838
0.03057042509317398,0.13041603565216064,1.4787700176239014
0.0359448567032814,0.13061821460723877,1.598244071006775
-0.1062927097082138,0.01518261432647705,1.3789253234863281
-0.20703506469726562,-0.09375177323818207,1.120750069618225
-0.20873726904392242,-0.08564908057451248,0.8750907182693481
0.13109223544597626,-0.003255993127822876,1.3720260858535767
0.1555716097354889,-0.07600325345993042,1.102882981300354
0.13417410850524902,-0.04411735385656357,0.8772657513618469
