-2.3883767426013947e-06,-7.861057383706793e-06,0.9502333998680115
0.12780718505382538,-0.01799004338681698,0.9575159549713135
0.1495646983385086,0.0057524144649505615,0.47665563225746155
0.27131885290145874,-0.23045432567596436,0.09296411275863647
-0.1278066337108612,0.01798306778073311,0.9428755044937134
-0.15066151320934296,-0.029492437839508057,0.46613621711730957
-0.15354958176612854,-0.1624598503112793,0.025697529315948486
-0.016896752640604973,-0.05313611030578613,1.1972875595092773
0.03371909260749817,-0.004902660846710205,1.4424786567687988
0.08441279828548431,0.0694112777709961,1.5076794624328613
0.09170988947153091,0.04164844751358032,1.6149705648422241
-0.08540086448192596,0.013017892837524414,1.385416030883789
-0.20751996338367462,0.06228308379650116,1.125648856163025
-0.04518777132034302,0.14126062393188477,1.1532244682312012
0.1343446522951126,-0.027867496013641357,1.3571133613586426
0.1911047101020813,-0.0006552338600158691,1.066120982170105
0.09363000094890594,0.13670910894870758,1.1677204370498657
