-6.499449227703735e-07,-9.475472324993461e-06,0.9502315521240234
0.13252151012420654,-0.004555884748697281,0.9535132050514221
0.12301836907863617,-0.005747407674789429,0.47424525022506714
0.1790328025817871,-0.19862931966781616,0.06374764442443848
-0.13252371549606323,0.004541222937405109,0.9468742609024048
-0.1920231282711029,-0.01666596531867981,0.46856236457824707
-0.18753190338611603,-0.10741329193115234,0.018520832061767578
-0.004484015516936779,-0.06187888979911804,1.2008799314498901
-0.012639779597520828,0.018457502126693726,1.444350004196167
0.00392315536737442,0.10370808839797974,1.5190026760101318
0.00661332905292511,0.06991493701934814,1.6271387338638306
-0.12250316888093948,-0.0022118687629699707,1.3612823486328125
-0.2215537428855896,-0.06493201851844788,1.0882877111434937
-0.22665786743164062,-0.05575507879257202,0.8418653607368469
0.0998418927192688,0.012370258569717407,1.3730438947677612
0.15140748023986816,0.002969592809677124,1.0979048013687134
0.10307569801807404,0.06599032878875732,0.8649106025695801
