-3.961435140809044e-06,-6.943051630514674e-06,0.9502303600311279
0.1278683841228485,0.014671376906335354,0.9569593667984009
0.11133293807506561,0.0555291473865509,0.47865453362464905
0.24765050411224365,-0.20242559909820557,0.10681957006454468
-0.12786826491355896,-0.014678724110126495,0.9434307813644409
-0.17522379755973816,-0.03925114870071411,0.4691523015499115
-0.16955509781837463,-0.15569651126861572,0.0222814679145813
-0.010864066891372204,-0.05997665226459503,1.1975880861282349
-0.021587811410427094,0.01040145754814148,1.4478949308395386
-0.010430648922920227,0.08965027332305908,1.5182714462280273
-0.008132919669151306,0.05957067012786865,1.626431941986084
-0.1297813504934311,-0.016624242067337036,1.3693277835845947
-0.22634068131446838,-0.02562059462070465,1.094998836517334
-0.12958528101444244,0.1298978626728058,1.1327855587005615
0.09352128207683563,0.022867560386657715,1.3767551183700562
0.1994888186454773,0.04851645231246948,1.1029258966445923
0.033568620681762695,0.18204602599143982,1.1106475591659546
