-6.746508915966842e-06,-1.0120355000253767e-05,0.9502354264259338
0.1342773139476776,-0.01324769202619791,0.9616503119468689
0.15221384167671204,0.09104537963867188,0.4941079616546631
0.16894546151161194,-0.1151360273361206,0.08394795656204224
-0.1342765986919403,0.013232341036200523,0.9387460350990295
-0.09826406836509705,0.09967178106307983,0.47731706500053406
-0.1359865516424179,-0.042280375957489014,0.04903990030288696
0.0006217360496520996,0.14084143936634064,1.107536792755127
0.0063505470752716064,0.404661625623703,1.15327787399292
0.04391627013683319,0.511773943901062,1.0881290435791016
0.03341031074523926,0.5754815340042114,1.1964472532272339
-0.12539935111999512,0.3669423758983612,1.0940895080566406
-0.19096443057060242,0.22661185264587402,0.8434809446334839
-0.07517799735069275,0.3430383503437042,0.729011595249176
0.13432399928569794,0.3378312587738037,1.1325788497924805
0.22469612956047058,0.18323037028312683,0.899024248123169
0.1481681913137436,0.3176385164260864,0.762926459312439
