2.4999785637191962e-06,-8.073251592577435e-06,0.950223445892334
0.12854623794555664,-0.0555855892598629,0.9634714126586914
0.08084022998809814,-0.11605209112167358,0.4790136218070984
0.03451797366142273,-0.22539138793945312,0.03343552350997925
-0.12854786217212677,0.05557745322585106,0.9369173645973206
-0.17247192561626434,0.0014546215534210205,0.4553115963935852
-0.23056402802467346,-0.08525604009628296,0.005338191986083984
-0.04620886221528053,-0.06049858033657074,1.1986916065216064
-0.004139328375458717,0.0018645823001861572,1.4454516172409058
0.027937645092606544,0.0756603479385376,1.5298535823822021
0.021581541746854782,0.030461907386779785,1.6304445266723633
-0.12018942832946777,0.046735525131225586,1.3680388927459717
-0.2138282209634781,0.051914602518081665,1.0853309631347656
-0.18173369765281677,0.10156148672103882,0.8393846750259399
0.1020842045545578,-0.06350874900817871,1.3633763790130615
0.17407670617103577,-0.13601142168045044,1.0805712938308716
0.20217105746269226,-0.08655837178230286,0.8373004794120789
