1.2460031939554028e-06,-8.57179293234367e-06,0.9502283334732056
0.12527215480804443,-0.05111587420105934,0.9667127132415771
0.08909748494625092,-0.10854953527450562,0.4814485013484955
0.055026546120643616,-0.22314924001693726,0.03570812940597534
-0.12527307868003845,0.05110638961195946,0.9336774945259094
-0.16026179492473602,-0.01712709665298462,0.4514830708503723
-0.22909022867679596,-0.11115008592605591,0.005474746227264404
-0.06055659428238869,-0.06293340027332306,1.1956806182861328
-0.02271685004234314,-0.019799768924713135,1.4442819356918335
0.011213267222046852,0.055254995822906494,1.5278592109680176
0.008128566667437553,0.013113617897033691,1.6323522329330444
-0.1304439902305603,0.02932116389274597,1.3714723587036133
-0.19951581954956055,0.05859307944774628,1.0864357948303223
-0.11712902784347534,0.10954746603965759,0.8479464650154114
0.07601748406887054,-0.08302181959152222,1.359618902206421
0.1580979824066162,-0.15433913469314575,1.0800048112869263
0.23095867037773132,-0.12035712599754333,0.8426176905632019
