1.982079538720427e-06,-8.94539880391676e-06,0.9520893096923828
0.11130107939243317,-0.06432895362377167,0.954311192035675
0.06575970351696014,-0.08969339728355408,0.47432243824005127
0.021647781133651733,-0.1839057207107544,0.02657216787338257
-0.11130252480506897,0.0643206313252449,0.949795126914978
-0.17159873247146606,0.09370923042297363,0.4674707353115082
-0.3219898045063019,0.03005087375640869,0.03470301628112793
-0.02973560430109501,-0.05055113136768341,1.1994233131408691
0.008464244194328785,-0.022593289613723755,1.4526751041412354
0.043195441365242004,0.05893385410308838,1.5198893547058105
0.044923558831214905,0.0225561261177063,1.6295702457427979
-0.08895696699619293,0.047427237033843994,1.3911174535751343
-0.11657974123954773,0.17855951189994812,1.1311113834381104
0.06587854772806168,0.16489779949188232,1.2379285097122192
0.10309141874313354,-0.08206361532211304,1.3682432174682617
0.2096063792705536,-0.038809046149253845,1.099859356880188
0.14591732621192932,0.12610238790512085,1.2424215078353882
