-3.663200004666578e-06,-5.7071520132012665e-06,0.9520886540412903
0.12830288708209991,-0.04609236121177673,0.9664726853370667
0.10359176993370056,-0.03359004855155945,0.4888277053833008
0.1041911244392395,-0.20465046167373657,0.0647808313369751
-0.1283021867275238,0.046084824949502945,0.9376391768455505
-0.12221428751945496,0.054857879877090454,0.463904470205307
-0.15423189103603363,-0.04405409097671509,0.01677757501602173
0.011060507968068123,0.042046234011650085,1.1734622716903687
0.11029379814863205,0.21294057369232178,1.335105299949646
0.1348690539598465,0.31283485889434814,1.399122714996338
0.13560029864311218,0.26798105239868164,1.5006911754608154
-0.011469252407550812,0.24109753966331482,1.2668942213058472
-0.036807090044021606,0.2671504318714142,0.9829410910606384
0.1401611566543579,0.24691694974899292,0.8280909061431885
0.21602453291416168,0.13791710138320923,1.2618412971496582
0.33749258518218994,0.0734916403889656,0.9889654517173767
0.46436166763305664,0.09784398227930069,0.7806949615478516
