-2.704756298044231e-06,-9.09825939743314e-06,0.9520885348320007
0.12131112068891525,-0.018573608249425888,0.9608715772628784
0.11177100241184235,-0.07112076878547668,0.48046237230300903
0.124056875705719,-0.20519423484802246,0.033367276191711426
-0.12131105363368988,0.018566805869340897,0.9432331323623657
-0.1655062735080719,-0.0011471211910247803,0.46122223138809204
-0.21731096506118774,-0.07350283861160278,0.007796764373779297
-0.0014250241219997406,-0.05801752209663391,1.1992573738098145
-0.03098427504301071,-0.017097532749176025,1.4547126293182373
-0.05424586683511734,0.06504690647125244,1.5316717624664307
-0.05248057097196579,0.0172194242477417,1.6302071809768677
-0.13066960871219635,-0.009836077690124512,1.3650946617126465
-0.19189123809337616,0.0414959192276001,1.0821161270141602
-0.09767216444015503,0.13829994201660156,1.2004770040512085
0.08408695459365845,-0.02372726798057556,1.3945196866989136
0.17778390645980835,0.051430195569992065,1.1259459257125854
0.025005728006362915,0.15883466601371765,1.2245550155639648
