-4.13277166444459e-06,-5.5959044402698055e-06,0.9520827531814575
0.13390472531318665,-0.025121599435806274,0.953968346118927
0.05216449499130249,-0.09030431509017944,0.478823184967041
-0.020086005330085754,-0.20109081268310547,0.03714805841445923
-0.13390614092350006,0.02511485479772091,0.9501338005065918
-0.1825704574584961,0.033987581729888916,0.4708154797554016
-0.26963311433792114,-0.045616090297698975,0.029559671878814697
0.0043215639889240265,-0.0746825784444809,1.2008296251296997
-0.01614447683095932,0.0020639896392822266,1.4491889476776123
-0.025483757257461548,0.0824020504951477,1.5355279445648193
-0.031604669988155365,0.03229016065597534,1.6327645778656006
-0.13454213738441467,-0.013024300336837769,1.3666309118270874
-0.2508036196231842,-0.07273198664188385,1.0950638055801392
-0.3099295198917389,-0.0032114554196596146,0.9045004844665527
0.10891903936862946,-0.0038740038871765137,1.3770732879638672
0.18984191119670868,0.033310666680336,1.1037787199020386
0.04404223710298538,0.1461077183485031,0.9458611607551575
