-3.118384483968839e-06,-9.189760021399707e-06,0.9520904421806335
0.1207476481795311,-0.01232824381440878,0.9612899422645569
0.11538064479827881,-0.06542372703552246,0.47731781005859375
0.13308857381343842,-0.20115876197814941,0.032003164291381836
-0.12074723839759827,0.012321606278419495,0.9428152441978455
-0.16387490928173065,-0.009958475828170776,0.45920735597610474
-0.20756743848323822,-0.08429807424545288,0.005540311336517334
0.00041940435767173767,-0.05412048101425171,1.1989223957061768
-0.035178057849407196,-0.012450844049453735,1.45361328125
-0.058615438640117645,0.06962645053863525,1.530145525932312
-0.056956663727760315,0.021114885807037354,1.628433108329773
-0.13336420059204102,-0.01387941837310791,1.3624510765075684
-0.20030826330184937,0.024352312088012695,1.080452561378479
-0.12942053377628326,0.13409511744976044,1.1981409788131714
0.08006453514099121,-0.011323750019073486,1.3958195447921753
0.17341667413711548,0.06650933623313904,1.1272125244140625
0.011979259550571442,0.1632804572582245,1.2193408012390137
