-5.682068149326369e-07,-8.021415851544589e-06,0.9520902633666992
0.12935863435268402,-0.04038539156317711,0.9594453573226929
0.09977403283119202,-0.11061200499534607,0.48008212447166443
0.1075667142868042,-0.26412367820739746,0.04465901851654053
-0.12936028838157654,0.04037496820092201,0.944659411907196
-0.1453886777162552,-0.006788283586502075,0.46495363116264343
-0.15378230810165405,-0.10556328296661377,0.014363408088684082
0.008143898099660873,-0.0801110714673996,1.1948697566986084
0.03795938193798065,-0.026429057121276855,1.44268798828125
0.062313519418239594,0.049374401569366455,1.5334116220474243
0.05432736128568649,0.0043822526931762695,1.6313199996948242
-0.08590663969516754,-0.006268203258514404,1.3829123973846436
-0.2735626995563507,-0.008677259087562561,1.1570658683776855
-0.39924508333206177,0.10462678223848343,1.0018212795257568
0.14717787504196167,-0.06186780333518982,1.356675148010254
0.2080475389957428,-0.05745779722929001,1.0764576196670532
0.11488643288612366,0.051643915474414825,0.9631879329681396
