-1.2812897693947889e-06,-7.158245352911763e-06,0.952086329460144
0.11517030000686646,-0.06349768489599228,0.9692703485488892
0.09014874696731567,-0.11348628997802734,0.48321354389190674
0.05108076333999634,-0.2303391695022583,0.037353515625
-0.11517095565795898,0.06348922848701477,0.9348351359367371
-0.1289563775062561,0.019996315240859985,0.4522026479244232
-0.19960322976112366,-0.06184452772140503,0.006712496280670166
-0.0709526315331459,-0.05315370857715607,1.1948217153549194
-0.052157238125801086,-0.005378901958465576,1.442672610282898
-0.01853024959564209,0.0619959831237793,1.530207872390747
-0.021182097494602203,0.01369476318359375,1.6299335956573486
-0.1487664431333542,0.05285671353340149,1.356966495513916
-0.18736860156059265,0.12007734924554825,1.0749742984771729
-0.03598430007696152,0.1773504614830017,0.8976927995681763
0.053113870322704315,-0.07068893313407898,1.3729091882705688
0.22150161862373352,-0.11190537363290787,1.1282647848129272
0.38337600231170654,-0.0174713097512722,0.9755820035934448
