3.175128767907154e-06,-7.898655894678086e-06,0.9520893692970276
0.08032472431659698,-0.09925931692123413,0.9606215953826904
0.09404957294464111,-0.1258724331855774,0.477225124835968
0.053655341267585754,-0.19554418325424194,0.024761676788330078
-0.08032861351966858,0.09924644231796265,0.943488597869873
-0.08747728168964386,0.09359419345855713,0.45668476819992065
-0.31512534618377686,0.04407542943954468,0.05258166790008545
-0.05234323814511299,-0.029894500970840454,1.2028136253356934
0.007321946322917938,-0.045566707849502563,1.4517066478729248
0.06290747225284576,0.018067777156829834,1.5280194282531738
0.045107532292604446,-0.025843262672424316,1.631469964981079
-0.04098457098007202,0.06618687510490417,1.4004253149032593
0.036738574504852295,0.192143976688385,1.149532437324524
0.18486276268959045,0.05792403221130371,1.2088764905929565
0.05443228781223297,-0.13415148854255676,1.3558032512664795
0.1369941532611847,-0.140812486410141,1.0827401876449585
0.20389842987060547,0.003524303436279297,1.1618512868881226
