-4.153723239141982e-06,-6.458161806222051e-06,0.95209139585495
0.13116709887981415,-0.041670769453048706,0.9665918350219727
0.13347530364990234,-0.03818565607070923,0.49141615629196167
0.08544516563415527,-0.16904360055923462,0.055416226387023926
-0.13116517663002014,0.04166319593787193,0.937517523765564
-0.08393740653991699,0.04661795496940613,0.4651697278022766
-0.17975901067256927,-0.03378796577453613,0.034534335136413574
0.017750907689332962,0.05914930999279022,1.1624932289123535
0.03168255090713501,0.27868980169296265,1.3130087852478027
0.06036064028739929,0.3769676387310028,1.3688812255859375
0.05687318742275238,0.33648186922073364,1.4760515689849854
-0.09525600075721741,0.2759243845939636,1.2342956066131592
-0.22288063168525696,0.25255826115608215,0.9630040526390076
-0.31276533007621765,0.27951669692993164,0.7366408109664917
0.14752808213233948,0.22337515652179718,1.253023624420166
0.17262710630893707,0.2065480351448059,0.9638253450393677
0.03714141994714737,0.2751776874065399,0.8134097456932068
