-2.548267730162479e-07,-9.508901712251827e-06,0.9520910382270813
0.10207851231098175,-0.07919512689113617,0.9643711447715759
0.11632892489433289,-0.1149975061416626,0.476215124130249
0.09879082441329956,-0.2359570860862732,0.03391599655151367
-0.1020791158080101,0.07918528467416763,0.93973708152771
-0.12044461071491241,0.04602983593940735,0.4492587447166443
-0.20510783791542053,-0.03552514314651489,0.006961643695831299
-0.05526448041200638,-0.03696933388710022,1.2003898620605469
-0.008034862577915192,-0.02786862850189209,1.4484070539474487
0.0646592378616333,0.025579750537872314,1.5156885385513306
0.05843071639537811,-0.011018812656402588,1.6190040111541748
-0.08643212914466858,0.06446892023086548,1.391891598701477
-0.1055707186460495,0.18539881706237793,1.1414395570755005
0.07657819986343384,0.13187909126281738,1.1885757446289062
0.059182003140449524,-0.11068522930145264,1.359229326248169
0.12617996335029602,-0.15191435813903809,1.085955262184143
0.16359902918338776,-0.005350008606910706,1.1617876291275024
