-2.5723293219925836e-06,-1.0015206498792395e-05,0.9520940184593201
0.11870497465133667,-0.030795907601714134,0.9546316266059875
0.06654196232557297,-0.07235562801361084,0.47301366925239563
0.03420044481754303,-0.18753379583358765,0.025868713855743408
-0.11870536208152771,0.030789490789175034,0.949474573135376
-0.20703396201133728,0.05357801914215088,0.46961838006973267
-0.3064383864402771,-0.018400132656097412,0.02359837293624878
-0.01722128875553608,-0.060465022921562195,1.197790265083313
-0.013922013342380524,-0.019857138395309448,1.4510207176208496
0.004049576818943024,0.061305463314056396,1.5229158401489258
0.02064664661884308,0.015001535415649414,1.627286672592163
-0.1199442520737648,0.006660789251327515,1.3795905113220215
-0.2054678350687027,0.09468989074230194,1.114906907081604
-0.07989102602005005,0.1872093677520752,1.1898565292358398
0.09040270745754242,-0.042366743087768555,1.3738796710968018
0.14179447293281555,0.041724711656570435,1.1031197309494019
0.026623748242855072,0.1327190101146698,1.25944185256958
