-6.425739229598548e-07,-7.479635314666666e-06,0.9520869255065918
0.1257748007774353,-0.047352761030197144,0.9631547331809998
0.10144844651222229,-0.100746750831604,0.4798058569431305
0.08553323149681091,-0.2297959327697754,0.03914743661880493
-0.12577655911445618,0.0473439022898674,0.9409492015838623
-0.14150911569595337,0.00810965895652771,0.458238810300827
-0.17463341355323792,-0.07767230272293091,0.011527776718139648
-0.011750760488212109,-0.06410828232765198,1.1989022493362427
0.01770769990980625,0.0009679198265075684,1.443686604499817
0.04708287864923477,0.07250368595123291,1.5343105792999268
0.036673590540885925,0.019613683223724365,1.6269410848617554
-0.10209722816944122,0.028450995683670044,1.373486042022705
-0.2545638382434845,0.02923695743083954,1.120442509651184
-0.3499813973903656,0.12017808854579926,0.9105679392814636
0.12466171383857727,-0.04378214478492737,1.3576154708862305
0.19438837468624115,-0.06399770081043243,1.0764894485473633
0.13782045245170593,0.05008327215909958,0.8850482702255249
