6.455168204411166e-07,-8.23465597932227e-06,0.9520856738090515
0.12661141157150269,-0.03916403651237488,0.962350606918335
0.10679522156715393,-0.09902095794677734,0.4781109690666199
0.10636782646179199,-0.23834115266799927,0.04066896438598633
-0.1266126185655594,0.039153873920440674,0.941754162311554
-0.1371932476758957,-0.001874685287475586,0.45962053537368774
-0.15715491771697998,-0.09657245874404907,0.009236454963684082
-0.005298785865306854,-0.07511343061923981,1.196785807609558
0.021766649559140205,-0.01957949995994568,1.4431660175323486
0.04943745210766792,0.05148732662200928,1.5335299968719482
0.046287909150123596,0.003771543502807617,1.6306376457214355
-0.09586963802576065,0.004389256238937378,1.3728766441345215
-0.24384275078773499,0.013482972979545593,1.112898826599121
-0.3229758143424988,0.11425608396530151,0.88556307554245
0.12923714518547058,-0.05247744917869568,1.3569761514663696
0.2017485499382019,-0.03609691560268402,1.0803234577178955
0.13448873162269592,0.10501603782176971,0.8999142050743103
