-5.014690032112412e-06,-6.784401193726808e-06,0.9520900249481201
0.11795875430107117,0.017368946224451065,0.9591431021690369
0.08395394682884216,-0.03900739550590515,0.4748682379722595
0.08584792912006378,-0.15509438514709473,0.02776789665222168
-0.1179603785276413,-0.017377575859427452,0.9449650049209595
-0.22719313204288483,-0.016708195209503174,0.47454050183296204
-0.30425047874450684,-0.09165984392166138,0.025373339653015137
0.006227524951100349,-0.04198832809925079,1.2032451629638672
-0.04688602685928345,-0.002958953380584717,1.4563267230987549
-0.04957053065299988,0.0721665620803833,1.5346815586090088
-0.05423539876937866,0.02250075340270996,1.6338558197021484
-0.1324617862701416,-0.04414460062980652,1.3574674129486084
-0.20028084516525269,-0.037421710789203644,1.078444480895996
-0.2012682557106018,0.09506231546401978,1.180122971534729
0.05349321663379669,0.04110744595527649,1.4069809913635254
0.04899699613451958,0.16531115770339966,1.1534587144851685
-0.15872979164123535,0.16293084621429443,1.243967890739441
