-1.6720259736757725e-06,-9.233615855919197e-06,0.9520907998085022
0.11985690146684647,-0.03106767311692238,0.9650843739509583
0.09485772252082825,-0.07384058833122253,0.48251503705978394
0.08181536197662354,-0.20606493949890137,0.039573490619659424
-0.11985765397548676,0.03105921298265457,0.939022421836853
-0.17921502888202667,0.024451762437820435,0.45978426933288574
-0.2609664797782898,-0.049746155738830566,0.012512803077697754
-0.014350206591188908,-0.05581061542034149,1.2017850875854492
-0.049937549978494644,-0.019014567136764526,1.4539504051208496
-0.04090799391269684,0.05954241752624512,1.5289028882980347
-0.050894320011138916,0.00875765085220337,1.6267929077148438
-0.14463454484939575,-0.001116633415222168,1.3520721197128296
-0.18488040566444397,0.05615182965993881,1.0673383474349976
-0.11285021901130676,0.153615802526474,1.1703064441680908
0.06125469505786896,-0.03448206186294556,1.4106717109680176
0.14244623482227325,0.05490565299987793,1.1795563697814941
-0.007951930165290833,0.1401911973953247,1.3203351497650146
