-1.5194682418950833e-06,-9.354866051580757e-06,0.9520912170410156
0.11786414682865143,-0.040652934461832047,0.964462399482727
0.08406056463718414,-0.08191943168640137,0.4837362468242645
0.061869874596595764,-0.2087382674217224,0.03873276710510254
-0.11786486208438873,0.04064473509788513,0.9396440982818604
-0.18264564871788025,0.037157654762268066,0.4609614610671997
-0.2800085246562958,-0.035150766372680664,0.01704728603363037
-0.018994081765413284,-0.058421239256858826,1.2006187438964844
-0.05013734847307205,-0.020706534385681152,1.4535168409347534
-0.040090419352054596,0.05765402317047119,1.5304350852966309
-0.050910964608192444,0.008638560771942139,1.6285443305969238
-0.14545013010501862,0.010374605655670166,1.354657530784607
-0.18079298734664917,0.07874038815498352,1.0680714845657349
-0.07816585898399353,0.15707600116729736,1.1741437911987305
0.061110302805900574,-0.04914739727973938,1.4060077667236328
0.1551896035671234,0.03224684298038483,1.169359564781189
0.01731417328119278,0.1312793791294098,1.3188433647155762
