3.25673318002373e-06,-8.091305062407628e-06,0.9520924687385559
0.06110101938247681,-0.10945448279380798,0.963110089302063
0.08606243133544922,-0.12959367036819458,0.4764728546142578
0.029047414660453796,-0.20257550477981567,0.027123689651489258
-0.06110700964927673,0.10943648219108582,0.941000759601593
-0.07651014626026154,0.1136215329170227,0.4541223645210266
-0.3062303960323334,0.07975417375564575,0.04968273639678955
-0.057260967791080475,-0.015529334545135498,1.2017525434494019
-0.02086527645587921,-0.03899887204170227,1.452657699584961
0.05052544176578522,0.01685476303100586,1.5202516317367554
0.029989637434482574,-0.013829469680786133,1.6272493600845337
-0.03477349877357483,0.07264813780784607,1.4024813175201416
0.14472050964832306,0.13938643038272858,1.1671760082244873
0.20174044370651245,-0.02928432822227478,1.2806861400604248
0.007058396935462952,-0.13483867049217224,1.367982268333435
0.11206024885177612,-0.16291244328022003,1.10161554813385
0.214541494846344,-0.06676644086837769,1.2330999374389648
