-3.831444701063447e-06,-5.757123290095478e-06,0.9520882964134216
0.12401340901851654,-0.02927582338452339,0.9627429246902466
0.07568709552288055,-0.08221769332885742,0.4823841154575348
0.02407422661781311,-0.20095133781433105,0.0413324236869812
-0.12401600182056427,0.02926609292626381,0.9413642287254333
-0.17442035675048828,0.03533259034156799,0.46344298124313354
-0.23324790596961975,-0.027180254459381104,0.010760307312011719
-0.00715502817183733,-0.05019889771938324,1.2045471668243408
-0.04080621153116226,-0.0031597912311553955,1.4564288854599
-0.02058129757642746,0.07471877336502075,1.5342111587524414
-0.03545079380273819,0.01812201738357544,1.6319142580032349
-0.1438746452331543,0.007021456956863403,1.3586938381195068
-0.22125688195228577,0.07275557518005371,1.08278489112854
-0.20265710353851318,0.23504871129989624,1.1886546611785889
0.07306928932666779,-0.010760098695755005,1.4096567630767822
0.1334635317325592,0.08328193426132202,1.1689343452453613
-0.03251791000366211,0.1817139983177185,1.2285884618759155
