2.5781610020203516e-06,-7.614091373397969e-06,0.9520875811576843
0.09709632396697998,-0.08319166302680969,0.957557737827301
0.07352115958929062,-0.10666730999946594,0.4744452238082886
0.015331059694290161,-0.19180995225906372,0.027592897415161133
-0.09709879755973816,0.08317970484495163,0.9465505480766296
-0.12173247337341309,0.11466777324676514,0.463003933429718
-0.32642289996147156,0.06480717658996582,0.04912334680557251
-0.043600212782621384,-0.03402191400527954,1.203042984008789
0.009602867066860199,-0.02901589870452881,1.4540488719940186
0.060198184102773666,0.04646646976470947,1.520400047302246
0.05094592273235321,0.012745916843414307,1.6307251453399658
-0.06249178946018219,0.06453785300254822,1.4018796682357788
-0.018641598522663116,0.20429129898548126,1.1558828353881836
0.15865615010261536,0.09609600901603699,1.2524940967559814
0.0801987498998642,-0.10652428865432739,1.3646230697631836
0.1907356083393097,-0.09347514808177948,1.098100185394287
0.20309117436408997,0.053270816802978516,1.2537530660629272
