3.5127904993714765e-06,-1.0592952094157226e-05,0.9520905017852783
0.1028885543346405,-0.07831089198589325,0.9611425995826721
0.20427511632442474,-0.06902292370796204,0.48944172263145447
0.24227648973464966,-0.2449779510498047,0.07388097047805786
-0.10288766026496887,0.07830183207988739,0.9429686069488525
-0.10106239467859268,0.012068182229995728,0.45792683959007263
-0.11790298670530319,-0.13992130756378174,0.023973941802978516
-0.03264692425727844,-0.04533378779888153,1.200880527496338
0.04584090784192085,-0.05725070834159851,1.4463914632797241
0.12033018469810486,-0.001652836799621582,1.5151437520980835
0.11330684274435043,-0.040960609912872314,1.6198651790618896
-0.016595754772424698,0.04566732048988342,1.4023598432540894
0.10178275406360626,0.15702645480632782,1.1705220937728882
0.24995526671409607,0.024145588278770447,1.22041916847229
0.10612909495830536,-0.1396268606185913,1.3513176441192627
0.18199241161346436,-0.13292664289474487,1.0677884817123413
0.22701682150363922,0.013778388500213623,1.186702013015747
