4.677062861446757e-07,-7.849070243537426e-06,0.9520857930183411
0.12683430314064026,-0.03882088512182236,0.962377667427063
0.1058397889137268,-0.0991317629814148,0.47919201850891113
0.10903073847293854,-0.23878896236419678,0.04214733839035034
-0.12683528661727905,0.038810521364212036,0.9417272806167603
-0.1363040804862976,0.0037115812301635742,0.4596516489982605
-0.15314888954162598,-0.08915925025939941,0.009740889072418213
-0.0002274550497531891,-0.07561191916465759,1.1970170736312866
0.028655273839831352,-0.017265737056732178,1.4424660205841064
0.05618525296449661,0.05490398406982422,1.5328426361083984
0.05336166173219681,0.007202506065368652,1.6303412914276123
-0.09007826447486877,0.005392014980316162,1.373521089553833
-0.24847039580345154,0.014573022723197937,1.119669795036316
-0.33771032094955444,0.12438198179006577,0.901148796081543
0.13504710793495178,-0.049692511558532715,1.3562899827957153
0.19993466138839722,-0.03315206617116928,1.079480528831482
0.11620858311653137,0.10312537848949432,0.9120621085166931
