-1.9818344298982993e-07,-8.324954251293093e-06,0.9520902633666992
0.10901530086994171,-0.06872326135635376,0.9605873823165894
0.06436556577682495,-0.10194793343544006,0.48252880573272705
0.011703148484230042,-0.20675599575042725,0.03414124250411987
-0.10901737213134766,0.06871611624956131,0.943518877029419
-0.1508699655532837,0.08616611361503601,0.4631528854370117
-0.3069862127304077,0.00752490758895874,0.04204833507537842
-0.031308047473430634,-0.050710126757621765,1.200313925743103
-0.014485625550150871,-0.01884770393371582,1.4549243450164795
0.0028823241591453552,0.05778837203979492,1.5329231023788452
-0.01724988967180252,0.014890611171722412,1.631618618965149
-0.10468241572380066,0.04500040411949158,1.3845536708831787
-0.12808051705360413,0.13528966903686523,1.1120843887329102
0.025674991309642792,0.13556915521621704,1.214926838874817
0.08322974294424057,-0.08063533902168274,1.3794043064117432
0.20305347442626953,-0.059237755835056305,1.1149227619171143
0.1405247449874878,0.10985445976257324,1.2369966506958008
