-4.0457503018842544e-06,-8.564136805944145e-06,0.952092707157135
0.10771489143371582,0.047527845948934555,0.9566313028335571
0.1136232390999794,0.03810438513755798,0.47146230936050415
0.25897520780563354,-0.19965428113937378,0.09191381931304932
-0.10771494358778,-0.047538306564092636,0.9474785923957825
-0.13108982145786285,-0.07063737511634827,0.46282559633255005
-0.09575732797384262,-0.1658724546432495,0.015167951583862305
0.04879080504179001,-0.05863244831562042,1.197584629058838
0.045704297721385956,-0.06370517611503601,1.4533307552337646
0.021093085408210754,0.007811546325683594,1.5186042785644531
0.05547088384628296,-0.02029705047607422,1.6247130632400513
-0.03756936267018318,-0.11792457103729248,1.3717412948608398
-0.15724867582321167,-0.11064093559980392,1.1241422891616821
-0.1479300856590271,0.02400115132331848,1.2307219505310059
0.12310820817947388,0.0072823166847229,1.4038411378860474
0.04706019163131714,0.15601235628128052,1.1777690649032593
-0.1153770387172699,0.10137900710105896,1.347269058227539
