2.1162122720852494e-08,-7.617074516019784e-06,0.9520866870880127
0.12995854020118713,-0.03696975111961365,0.9599820375442505
0.09541255235671997,-0.1012117862701416,0.47888311743736267
0.10508029162883759,-0.260222852230072,0.04508143663406372
-0.12996023893356323,0.036959175020456314,0.944122314453125
-0.14753180742263794,-0.006698131561279297,0.46540606021881104
-0.15271705389022827,-0.0970458984375,0.012853622436523438
0.009115982800722122,-0.07926090061664581,1.1961913108825684
0.036423735320568085,-0.02253502607345581,1.4439741373062134
0.05991940572857857,0.0527348518371582,1.5326123237609863
0.054545897990465164,0.007991433143615723,1.6323074102401733
-0.08714999258518219,-0.002792865037918091,1.3790727853775024
-0.25859901309013367,0.007287323474884033,1.143088936805725
-0.37050336599349976,0.14475056529045105,0.9931355118751526
0.1467210054397583,-0.05652618408203125,1.3585869073867798
0.21554091572761536,-0.05733892321586609,1.079501748085022
0.13958799839019775,0.06931731104850769,0.9366843700408936
