6.683080755465198e-07,-8.77852289704606e-06,0.952087938785553
0.1281275749206543,-0.043812286108732224,0.9639064073562622
0.1019713282585144,-0.09665095806121826,0.48557186126708984
0.08104285597801208,-0.22819602489471436,0.04648900032043457
-0.12812668085098267,0.043803803622722626,0.9401971697807312
-0.14058123528957367,-0.006548374891281128,0.45977693796157837
-0.1877763867378235,-0.09859204292297363,0.014950871467590332
-0.014749189838767052,-0.08247104287147522,1.19581139087677
-0.005385668948292732,-0.007334083318710327,1.442840337753296
0.02562897838652134,0.06556051969528198,1.5355304479599
0.018263040110468864,0.010667145252227783,1.630145788192749
-0.12523704767227173,0.016996145248413086,1.364797592163086
-0.266515851020813,0.028781533241271973,1.0972005128860474
-0.3440415859222412,0.11127360910177231,0.8658672571182251
0.10433357954025269,-0.04553121328353882,1.3591084480285645
0.15195176005363464,-0.03227231651544571,1.074295997619629
0.04694300517439842,0.07329044491052628,0.901182234287262
