-3.835609732050216e-06,-6.386777386069298e-06,0.9520853161811829
0.13220909237861633,-0.03343481570482254,0.9638361930847168
0.08197393268346786,-0.04432171583175659,0.4855356216430664
0.11159056425094604,-0.22910219430923462,0.062320590019226074
-0.13220663368701935,0.03342793136835098,0.9402702450752258
-0.13747549057006836,0.013939529657363892,0.4621352255344391
-0.15258127450942993,-0.08727014064788818,0.009291350841522217
-0.017816253006458282,-0.058135733008384705,1.1960266828536987
0.039406005293130875,0.03013017773628235,1.4234495162963867
0.06514056771993637,0.11046916246414185,1.512873649597168
0.06270985305309296,0.05144703388214111,1.60970139503479
-0.07784396409988403,0.056970179080963135,1.3411238193511963
-0.10658083856105804,0.09457166492938995,1.0466490983963013
0.04253459721803665,0.11676184833049774,0.8632933497428894
0.15600000321865082,-0.014529556035995483,1.3454620838165283
0.2916907072067261,-0.024325646460056305,1.0716283321380615
0.40252619981765747,0.05235201120376587,0.8534793853759766
