-5.070489351055585e-06,-8.306586096296087e-06,0.9520927667617798
0.1031300500035286,0.05827253684401512,0.956680178642273
0.10924554616212845,0.04522708058357239,0.466193288564682
0.2659622132778168,-0.1838943362236023,0.0924222469329834
-0.10313280671834946,-0.05828648805618286,0.9474295377731323
-0.1397171914577484,-0.07753250002861023,0.4659900963306427
-0.09826044738292694,-0.1657925844192505,0.01969987154006958
0.052596114575862885,-0.05565999448299408,1.1990901231765747
0.046548157930374146,-0.0654306411743164,1.4520323276519775
0.013176798820495605,0.0005822181701660156,1.520432949066162
0.046284906566143036,-0.021155059337615967,1.6165134906768799
-0.025559188798069954,-0.13442352414131165,1.3790102005004883
-0.1506894826889038,-0.14626334607601166,1.134265661239624
-0.18629509210586548,-0.019563138484954834,1.195059061050415
0.11298346519470215,0.0190545916557312,1.403792381286621
0.017920367419719696,0.16000665724277496,1.1705939769744873
-0.13277386128902435,0.07286012172698975,1.3300082683563232
