3.829662091447972e-06,-1.0179788660025224e-05,0.952091634273529
0.12159338593482971,-0.050113774836063385,0.9600856900215149
0.14344733953475952,-0.06627011299133301,0.482572466135025
0.15919733047485352,-0.2422148585319519,0.05771511793136597
-0.12159594893455505,0.050101712346076965,0.9440218806266785
-0.11599484086036682,-0.004357874393463135,0.4589872658252716
-0.11145001649856567,-0.12806683778762817,0.010582208633422852
-0.022244054824113846,-0.0537693053483963,1.2050249576568604
0.055121198296546936,-0.04117146134376526,1.4487392902374268
0.07656226307153702,0.04141873121261597,1.5346425771713257
0.06803187727928162,-0.014519929885864258,1.630784034729004
-0.042495884001255035,0.034530311822891235,1.3999004364013672
-0.005167014896869659,0.1685822457075119,1.1637245416641235
0.2084372639656067,0.16030728816986084,1.153482437133789
0.14960546791553497,-0.10265341401100159,1.3546603918075562
0.26222124695777893,-0.10240062326192856,1.0717344284057617
0.42001891136169434,0.026586532592773438,0.9937653541564941
