2.2106405594968237e-08,-8.563451046939008e-06,0.9520866274833679
0.12558633089065552,-0.041283611208200455,0.9625826478004456
0.10746091604232788,-0.0997723937034607,0.4775528311729431
0.10118401050567627,-0.23738622665405273,0.03970992565155029
-0.12558753788471222,0.04127449169754982,0.9415225386619568
-0.139735147356987,-0.006294459104537964,0.45909154415130615
-0.1629936844110489,-0.10271382331848145,0.00781017541885376
-0.012288899160921574,-0.07307040691375732,1.1963080167770386
0.014425188302993774,-0.0194990336894989,1.4427604675292969
0.042137883603572845,0.050765156745910645,1.5333549976348877
0.03752497583627701,0.0021015405654907227,1.6298675537109375
-0.1015281081199646,0.00864708423614502,1.3707605600357056
-0.23615798354148865,0.021513760089874268,1.1061841249465942
-0.29919809103012085,0.11391770839691162,0.872771143913269
0.12210166454315186,-0.05606698989868164,1.3569389581680298
0.20164325833320618,-0.04745231568813324,1.0810102224349976
0.15670084953308105,0.0874890610575676,0.8887210488319397
