1.443825567548629e-06,-8.611750672571361e-06,0.9520911574363708
0.10303790867328644,-0.07686582952737808,0.958241879940033
0.07259303331375122,-0.11021623015403748,0.47814446687698364
0.02298523485660553,-0.1961836814880371,0.031204581260681152
-0.10303972661495209,0.0768565684556961,0.9458658695220947
-0.13213452696800232,0.09302675724029541,0.46679097414016724
-0.3457898795604706,0.027154743671417236,0.05797547101974487
-0.04153982922434807,-0.046374380588531494,1.2010732889175415
0.009709388017654419,-0.031165778636932373,1.454892635345459
0.041354864835739136,0.04074203968048096,1.5357773303985596
0.029016444459557533,-0.006153762340545654,1.6348472833633423
-0.07607927173376083,0.05413693189620972,1.3969614505767822
-0.12314653396606445,0.18712696433067322,1.142073631286621
0.07390452921390533,0.1583608090877533,1.17070734500885
0.08958405256271362,-0.10212025046348572,1.367283582687378
0.18142405152320862,-0.08412426710128784,1.0972260236740112
0.1713232398033142,0.08475050330162048,1.2140367031097412
