3.637578629422933e-07,-9.1211186372675e-06,0.9520930051803589
0.1165899932384491,-0.05546993762254715,0.9610211849212646
0.1848216950893402,-0.03197336196899414,0.4838734567165375
0.27222710847854614,-0.2329273223876953,0.07721304893493652
-0.11658801138401031,0.05546405166387558,0.9430873990058899
-0.11005280911922455,-0.00872337818145752,0.4601782560348511
-0.1056218147277832,-0.15242034196853638,0.0225982666015625
-0.02326829358935356,-0.05487130582332611,1.1988438367843628
0.042713604867458344,-0.048316776752471924,1.4489681720733643
0.10829758644104004,0.009716272354125977,1.5204933881759644
0.10061901807785034,-0.03275465965270996,1.6210227012634277
-0.0470719113945961,0.029784977436065674,1.3955011367797852
-0.013627864420413971,0.14927807450294495,1.1437504291534424
0.15316040813922882,0.07836736738681793,1.2141633033752441
0.12756338715553284,-0.11036571860313416,1.3628000020980835
0.23797225952148438,-0.08512316644191742,1.0881038904190063
0.2249801754951477,0.07017368078231812,1.189507007598877
