-2.6901261662715115e-06,-7.614085916429758e-06,0.9520922303199768
0.11745037883520126,-0.0016547879204154015,0.9646930694580078
0.12934663891792297,-0.02664661407470703,0.4774132966995239
0.1999140977859497,-0.175140380859375,0.04811286926269531
-0.11745055019855499,0.001643880270421505,0.9394147992134094
-0.1448611170053482,-0.025430262088775635,0.45715251564979553
-0.16098244488239288,-0.10751503705978394,0.004585146903991699
0.006061524152755737,-0.04727388918399811,1.2052586078643799
-0.019245794042944908,-0.019761621952056885,1.4592585563659668
-0.0008374415338039398,0.05707859992980957,1.5371403694152832
0.005946565419435501,-0.003230273723602295,1.630983829498291
-0.11624017357826233,-0.02664998173713684,1.3659758567810059
-0.23044168949127197,0.040064990520477295,1.1026779413223267
-0.222098708152771,0.2022506296634674,1.2177292108535767
0.07880397140979767,-0.0023759007453918457,1.4119658470153809
0.08038453757762909,0.11358024179935455,1.169013261795044
-0.09978941082954407,0.1517435908317566,1.2791521549224854
