3.635150278569199e-07,-7.957460184115916e-06,0.9520910382270813
0.1289948672056198,-0.03154369443655014,0.9601744413375854
0.10794876515865326,-0.030928492546081543,0.4811469316482544
0.16161856055259705,-0.21006250381469727,0.060072898864746094
-0.12899333238601685,0.03153448551893234,0.9439293742179871
-0.12842074036598206,-0.018671512603759766,0.4612669348716736
-0.11707659065723419,-0.13365519046783447,0.01599264144897461
0.0016555115580558777,-0.07466940581798553,1.197092890739441
0.04900746047496796,-0.03975212574005127,1.4472973346710205
0.06788314878940582,0.032452285289764404,1.5378332138061523
0.06699500977993011,-0.02542823553085327,1.6325931549072266
-0.07033698260784149,0.0012321770191192627,1.3891785144805908
-0.19733090698719025,0.13013291358947754,1.1571184396743774
-0.026725471019744873,0.2619099020957947,1.1024796962738037
0.15518531203269958,-0.06632068753242493,1.3600225448608398
0.24224074184894562,-0.005259156227111816,1.0791922807693481
0.13681842386722565,0.18520531058311462,0.9973963499069214
