-3.339066097396426e-06,-6.097978257457726e-06,0.9520836472511292
0.1214648187160492,-0.055710501968860626,0.9680117964744568
0.09069022536277771,-0.10783487558364868,0.48788055777549744
0.05570748448371887,-0.22857946157455444,0.042719483375549316
-0.12146645784378052,0.05570327490568161,0.936093270778656
-0.13295555114746094,0.016159772872924805,0.4555606245994568
-0.20559154450893402,-0.06059110164642334,0.009385466575622559
-0.05193924531340599,-0.05748698115348816,1.197820782661438
-0.017156606540083885,-0.004641085863113403,1.4411234855651855
0.008499562740325928,0.06365025043487549,1.5387585163116455
-0.00416206568479538,0.007024824619293213,1.6283479928970337
-0.1253451406955719,0.0411723256111145,1.3603469133377075
-0.1990893930196762,0.0751575380563736,1.0800122022628784
-0.16505810618400574,0.1382797509431839,0.8319824934005737
0.0885448232293129,-0.06427624821662903,1.3615891933441162
0.2084966003894806,-0.11651487648487091,1.0900242328643799
0.3118635416030884,-0.06304138153791428,0.8548466563224792
