-2.352335741306888e-06,-8.968239853857085e-06,0.9520925283432007
0.11958194524049759,0.02016301080584526,0.9561525583267212
0.12467499077320099,0.015862077474594116,0.4736402928829193
0.24508881568908691,-0.20988565683364868,0.08130538463592529
-0.11958010494709015,-0.02016938291490078,0.9479562640190125
-0.13127587735652924,-0.04585975408554077,0.4614960551261902
-0.10677662491798401,-0.15368354320526123,0.013776540756225586
0.02952408790588379,-0.062232062220573425,1.1977880001068115
0.0366397462785244,-0.04923170804977417,1.455533504486084
0.04247044026851654,0.024621009826660156,1.5226683616638184
0.058251895010471344,-0.00821840763092041,1.6298185586929321
-0.06884611397981644,-0.06865790486335754,1.3812048435211182
-0.20214377343654633,-0.02609609067440033,1.1449165344238281
-0.12870356440544128,0.08247935771942139,1.2424747943878174
0.13833558559417725,-0.016582131385803223,1.3970983028411865
0.13756924867630005,0.13082915544509888,1.1705492734909058
-0.01605025678873062,0.15292078256607056,1.348368525505066
