-9.727533324621618e-06,-5.5818054534029216e-06,0.9611382484436035
0.07219797372817993,0.11068788170814514,0.9600682854652405
0.05933438986539841,0.1630818247795105,0.4659860134124756
0.10780546814203262,0.18514269590377808,0.006895959377288818
-0.07220146805047989,-0.11070458590984344,0.9621313810348511
-0.07040685415267944,-0.14579987525939941,0.48213717341423035
-0.056549057364463806,-0.1780259609222412,0.03174853324890137
-0.011481679044663906,-0.00484117865562439,1.2136354446411133
-0.14299938082695007,0.030649334192276,1.4356117248535156
-0.18764382600784302,0.10397571325302124,1.4956225156784058
-0.21182948350906372,0.08557379245758057,1.6017589569091797
-0.17628665268421173,-0.08044618368148804,1.3324443101882935
-0.1643574833869934,-0.20530125498771667,1.0540908575057983
-0.17526355385780334,-0.1851220577955246,0.8006429672241211
-0.040490999817848206,0.11656615138053894,1.4114799499511719
0.215781569480896,0.15938988327980042,1.3021817207336426
0.29791247844696045,0.21533215045928955,1.140316128730774
