-5.183650500839576e-06,-4.934405296808109e-06,0.9611307382583618
0.08994222432374954,0.10129392892122269,0.9590965509414673
0.07840953022241592,0.1467263102531433,0.464688777923584
0.14736849069595337,0.13924360275268555,0.00956881046295166
-0.08994518220424652,-0.10130627453327179,0.963100016117096
-0.06812112778425217,-0.14689555764198303,0.48414963483810425
-0.01752253621816635,-0.20484942197799683,0.033663034439086914
0.04752829670906067,-0.04423576593399048,1.212813377380371
-0.030034692957997322,-0.042552649974823,1.4602739810943604
-0.05616225302219391,0.034529924392700195,1.5339783430099487
-0.05911047011613846,0.008228003978729248,1.642765998840332
-0.09631253778934479,-0.13727182149887085,1.3583190441131592
-0.16180774569511414,-0.23581911623477936,1.0744291543960571
-0.2379361391067505,-0.19167158007621765,0.8305723071098328
0.07856898754835129,0.044128358364105225,1.4267780780792236
0.2891368865966797,0.15189728140830994,1.277378797531128
0.20814067125320435,0.30646005272865295,1.148621916770935
