-1.467480615247041e-06,-1.3535183825297281e-05,0.961154043674469
0.03308936208486557,0.14634300768375397,0.9679064750671387
-0.03705228865146637,0.1591641902923584,0.47780314087867737
-0.005113702267408371,0.14030367136001587,0.02507460117340088
-0.0330924428999424,-0.14635995030403137,0.9542925357818604
-0.19357487559318542,-0.15555566549301147,0.4902130961418152
-0.03220299631357193,-0.24658119678497314,0.07399410009384155
-0.10411378741264343,0.027968809008598328,1.1924632787704468
-0.34363827109336853,0.057052403688430786,1.326553225517273
-0.4533919095993042,0.0836191475391388,1.333906650543213
-0.4878370761871338,0.08370620012283325,1.4380685091018677
-0.34000521898269653,-0.08528347313404083,1.255077600479126
-0.2887361943721771,-0.2267872393131256,0.994396448135376
-0.3947852849960327,-0.16779448091983795,0.8542517423629761
-0.2533782124519348,0.17086413502693176,1.3018088340759277
0.02300933748483658,0.25186780095100403,1.2320854663848877
0.14007842540740967,0.24854716658592224,1.137926459312439
