-1.1486135917948559e-05,-4.892652214039117e-06,0.9611355066299438
0.07021957635879517,0.11385953426361084,0.9642741680145264
0.07518324255943298,0.15670472383499146,0.469197541475296
0.12306704372167587,0.1699088215827942,0.013231635093688965
-0.07022260874509811,-0.11387628316879272,0.9579252600669861
-0.057370275259017944,-0.15565147995948792,0.4761611819267273
-0.036820441484451294,-0.18987751007080078,0.028140604496002197
-0.0008847624994814396,-0.0029546022415161133,1.212759017944336
-0.14725977182388306,0.03154343366622925,1.4307005405426025
-0.20698963105678558,0.10725736618041992,1.4834694862365723
-0.22834956645965576,0.09590226411819458,1.5906461477279663
-0.17462295293807983,-0.08715155720710754,1.3328112363815308
-0.15201230347156525,-0.21966953575611115,1.0586825609207153
-0.1601564586162567,-0.19966916739940643,0.80194091796875
-0.04722611606121063,0.12722206115722656,1.4070439338684082
0.19646531343460083,0.19300174713134766,1.2841614484786987
0.2120872139930725,0.25710195302963257,1.104050636291504
