4.6918285079300404e-07,-1.4432091120397672e-05,0.9611524343490601
0.040741175413131714,0.13839438557624817,0.967525064945221
-0.03373057395219803,0.169393390417099,0.4863453805446625
0.003952033817768097,0.16153806447982788,0.030848443508148193
-0.04074283689260483,-0.13840945065021515,0.9546743631362915
-0.15909257531166077,-0.15392401814460754,0.4864999055862427
-0.02643759548664093,-0.22083932161331177,0.054366469383239746
-0.10523280501365662,0.018174797296524048,1.1887061595916748
-0.34642335772514343,0.03997379541397095,1.32134211063385
-0.4568444490432739,0.0754757821559906,1.3320869207382202
-0.49278193712234497,0.06839233636856079,1.4392422437667847
-0.351701557636261,-0.09218558669090271,1.2360575199127197
-0.33771422505378723,-0.21175695955753326,0.9691364765167236
-0.46501296758651733,-0.15691256523132324,0.8095715641975403
-0.2476227581501007,0.1461893916130066,1.3061842918395996
0.04199310392141342,0.22614561021327972,1.2534126043319702
0.15098614990711212,0.2733403444290161,1.1447981595993042
