-2.4952141757239588e-06,-1.4551897038472816e-05,0.9611586928367615
0.02431819960474968,0.14710846543312073,0.9709793329238892
-0.04742508381605148,0.16867199540138245,0.4832612872123718
0.028137609362602234,0.15290790796279907,0.03599429130554199
-0.024322057142853737,-0.14712683856487274,0.9512213468551636
-0.1550527811050415,-0.1659563183784485,0.48503196239471436
-0.1300230771303177,-0.2210843563079834,0.03949624300003052
-0.11478585749864578,0.020175069570541382,1.1862143278121948
-0.35952967405319214,0.03224983811378479,1.316520094871521
-0.47166550159454346,0.05596345663070679,1.321131706237793
-0.5087245106697083,0.051291584968566895,1.4277706146240234
-0.3481932580471039,-0.10880343616008759,1.2425658702850342
-0.29073187708854675,-0.2465553879737854,0.9750699400901794
-0.3999788761138916,-0.18197108805179596,0.8664600849151611
-0.2734107971191406,0.15288612246513367,1.2966651916503906
-0.0011036619544029236,0.23990705609321594,1.227278232574463
0.12401660531759262,0.23034530878067017,1.1380853652954102
