-9.933082765201107e-06,-5.54087819182314e-06,0.9611384272575378
0.0746617466211319,0.1104266569018364,0.9598498940467834
0.06004225090146065,0.16317075490951538,0.4656362235546112
0.10960963368415833,0.1814953088760376,0.0064871907234191895
-0.07466580718755722,-0.11044345051050186,0.9623494148254395
-0.06870090961456299,-0.1452617645263672,0.4817519783973694
-0.05439334735274315,-0.18143337965011597,0.03249424695968628
-0.005173170007765293,-0.008741483092308044,1.2143501043319702
-0.1305205523967743,0.022268623113632202,1.4403331279754639
-0.17388232052326202,0.09479403495788574,1.5027947425842285
-0.1965770274400711,0.07487654685974121,1.6090128421783447
-0.16657885909080505,-0.087260901927948,1.3367798328399658
-0.16213324666023254,-0.2102130949497223,1.0571926832199097
-0.18170276284217834,-0.19092601537704468,0.8062676787376404
-0.02697308361530304,0.10806459188461304,1.4160916805267334
0.22742275893688202,0.15055301785469055,1.3069716691970825
0.3161811828613281,0.21270957589149475,1.1456928253173828
