7.243688742164522e-07,-1.600143514224328e-05,0.9611572623252869
0.02516494132578373,0.14494577050209045,0.9719666242599487
-0.10133111476898193,0.19156807661056519,0.5097250938415527
0.029316049069166183,0.1410871148109436,0.07197386026382446
-0.025167088955640793,-0.1449626386165619,0.9502342939376831
-0.12338028848171234,-0.14086776971817017,0.4785900413990021
-0.08833694458007812,-0.1619553565979004,0.023923873901367188
-0.12149177491664886,0.016748696565628052,1.184974193572998
-0.3633790612220764,0.013398081064224243,1.3097798824310303
-0.4808424413204193,0.04257112741470337,1.3085358142852783
-0.5213876366615295,0.03436762094497681,1.414349913597107
-0.3563333749771118,-0.12338981032371521,1.2320877313613892
-0.32481420040130615,-0.2509641647338867,0.9629834890365601
-0.44876694679260254,-0.17549347877502441,0.8476654887199402
-0.2728741466999054,0.1334037184715271,1.2936453819274902
0.007020257413387299,0.20861998200416565,1.2376797199249268
0.12958252429962158,0.21388767659664154,1.152683138847351
