-1.0030036719399504e-05,-5.62238710699603e-06,0.9611387848854065
0.053173426538705826,0.12311273068189621,0.9617891907691956
0.05596201866865158,0.1555829644203186,0.46915632486343384
0.103872150182724,0.17341691255569458,0.010694503784179688
-0.05317746102809906,-0.12312979996204376,0.9604106545448303
-0.06213647499680519,-0.1536867320537567,0.4785517454147339
-0.05602201819419861,-0.18344110250473022,0.02607107162475586
-0.03621727228164673,0.012151449918746948,1.211653470993042
-0.20790793001651764,0.03206142783164978,1.4073197841644287
-0.3017403185367584,0.0748680830001831,1.4474847316741943
-0.3047948479652405,0.06952899694442749,1.5569889545440674
-0.21813860535621643,-0.09053575992584229,1.3170689344406128
-0.19016912579536438,-0.21553263068199158,1.0370526313781738
-0.2198413610458374,-0.21146850287914276,0.7883554697036743
-0.12042739987373352,0.13825005292892456,1.3825472593307495
0.12716169655323029,0.22972309589385986,1.274958848953247
0.19837474822998047,0.30006831884384155,1.1017807722091675
