-1.1677650036290288e-05,-4.7913999878801405e-06,0.9611383080482483
0.06663694977760315,0.11412494629621506,0.9624228477478027
0.0656580999493599,0.157404363155365,0.4687396287918091
0.11193206906318665,0.17229366302490234,0.011280953884124756
-0.06664000451564789,-0.11414127796888351,0.9597768187522888
-0.06506628543138504,-0.15062424540519714,0.47894829511642456
-0.050481025129556656,-0.18078404664993286,0.029154181480407715
-0.01448657363653183,0.0012590736150741577,1.2118127346038818
-0.1717490255832672,0.04287368059158325,1.4242392778396606
-0.2248150110244751,0.11558246612548828,1.4757440090179443
-0.253619521856308,0.10212576389312744,1.5830249786376953
-0.19558970630168915,-0.07470205426216125,1.3261497020721436
-0.1639181226491928,-0.20553231239318848,1.0546832084655762
-0.16796423494815826,-0.17809143662452698,0.7966669797897339
-0.06975065171718597,0.13624128699302673,1.401700496673584
0.1884443312883377,0.20133668184280396,1.303903579711914
0.21610917150974274,0.26471972465515137,1.1389178037643433
