-9.357579983770847e-06,-4.6342356654349715e-06,0.9611377716064453
0.06616505980491638,0.11851233243942261,0.9567116498947144
0.05870905891060829,0.1446523666381836,0.47185516357421875
0.10460054129362106,0.1349860429763794,0.013301372528076172
-0.06616976112127304,-0.11853320896625519,0.965490996837616
-0.07433026283979416,-0.1534084677696228,0.4863206744194031
-0.059244923293590546,-0.181085467338562,0.037746429443359375
-0.0018368149176239967,0.008063286542892456,1.2178868055343628
-0.145140141248703,0.06004607677459717,1.4384500980377197
-0.20104137063026428,0.13311249017715454,1.4735594987869263
-0.23132380843162537,0.13159054517745972,1.5847537517547607
-0.15578147768974304,-0.0721895694732666,1.3730480670928955
-0.01821880042552948,-0.2762698233127594,1.2117798328399658
0.021840818226337433,-0.26013025641441345,1.0010772943496704
-0.04860050231218338,0.1611333191394806,1.3988019227981567
0.19912610948085785,0.21896713972091675,1.275858998298645
0.23055516183376312,0.2102598249912262,1.111667275428772
