-1.759944552759407e-06,-7.412445484078489e-06,0.9582909345626831
0.12904386222362518,-0.040715865790843964,0.9664999842643738
0.09042942523956299,-0.09692606329917908,0.48509764671325684
0.0853736400604248,-0.24650806188583374,0.047831058502197266
-0.1290481984615326,0.04070519655942917,0.9500119686126709
-0.14433535933494568,0.006695061922073364,0.4682050347328186
-0.14322811365127563,-0.10081768035888672,0.018038630485534668
0.0031487513333559036,-0.07219040393829346,1.2053080797195435
0.06820769608020782,-0.02100008726119995,1.4442822933197021
0.09218155592679977,0.05410248041152954,1.5347408056259155
0.07834473252296448,0.007503986358642578,1.6293171644210815
-0.052076831459999084,0.01104024052619934,1.3920466899871826
-0.20018425583839417,0.016661211848258972,1.1509482860565186
-0.2730540633201599,0.09174877405166626,0.9107158184051514
0.1648719757795334,-0.07039141654968262,1.3457621335983276
0.2017766833305359,-0.11915844678878784,1.0581387281417847
0.18294894695281982,-0.05456632375717163,0.8266260623931885
