-3.773948265006766e-09,-7.023672878858633e-06,0.9582904577255249
0.10114336758852005,-0.07810687273740768,0.9795851707458496
0.08918830752372742,-0.10743868350982666,0.4950215220451355
0.029356583952903748,-0.2138526439666748,0.04830807447433472
-0.10114480555057526,0.07809554785490036,0.9369273781776428
-0.1027972623705864,0.04015707969665527,0.45950356125831604
-0.1621628850698471,-0.053942978382110596,0.01235508918762207
-0.08053892850875854,-0.03254304826259613,1.2013154029846191
-0.06714768707752228,0.00345534086227417,1.4532959461212158
-0.012512095272541046,0.06380373239517212,1.5345674753189087
-0.042092375457286835,0.02504628896713257,1.6321420669555664
-0.14267466962337494,0.08150845766067505,1.3717942237854004
-0.10468113422393799,0.15915367007255554,1.0979619026184082
0.11656230688095093,0.13808631896972656,1.1262717247009277
0.02820739522576332,-0.08307129144668579,1.3932321071624756
0.21312034130096436,-0.13820436596870422,1.160727858543396
0.3641741871833801,0.003539368510246277,1.1336908340454102
