-1.6261601558653638e-06,-7.385629942291416e-06,0.9582875967025757
0.10863258689641953,0.03341701626777649,0.9622786641120911
0.052461735904216766,0.011236071586608887,0.48463374376296997
0.1439267098903656,-0.15758836269378662,0.06032395362854004
-0.10863442718982697,-0.033428724855184555,0.9542344808578491
-0.13502970337867737,-0.04299864172935486,0.4718340337276459
-0.13422557711601257,-0.10767042636871338,0.017575204372406006
0.041112758219242096,-0.05614559352397919,1.206595778465271
0.020830394700169563,-0.04878729581832886,1.4642900228500366
0.008604880422353745,0.02940952777862549,1.5398814678192139
0.0189901702105999,-0.01629018783569336,1.6401796340942383
-0.06808695197105408,-0.10436266660690308,1.3782103061676025
-0.1614915430545807,-0.1708478331565857,1.1056774854660034
-0.17180994153022766,0.003466784954071045,1.1211340427398682
0.1220148354768753,0.009266644716262817,1.4101996421813965
0.14048327505588531,0.14225146174430847,1.1659047603607178
-0.042417243123054504,0.1641499102115631,1.2727365493774414
