-9.909508662531152e-07,-9.158618922811002e-06,0.9582967758178711
0.12574926018714905,-0.047698553651571274,0.9693235158920288
0.08627358078956604,-0.10471045970916748,0.48510289192199707
0.06109119951725006,-0.2361099123954773,0.0452154278755188
-0.12575268745422363,0.04768850654363632,0.9471870064735413
-0.14033947885036469,0.011303037405014038,0.46297916769981384
-0.15728510916233063,-0.09080517292022705,0.013903796672821045
-0.009444305673241615,-0.06632637977600098,1.2038733959197998
0.03648646920919418,-0.010865837335586548,1.447922706604004
0.060549404472112656,0.0658949613571167,1.5378150939941406
0.04837043583393097,0.016519606113433838,1.6296617984771729
-0.08323909342288971,0.020954549312591553,1.3882919549942017
-0.2559288740158081,0.006813734769821167,1.1469608545303345
-0.3672974407672882,0.06470900774002075,0.923616349697113
0.13528092205524445,-0.06314980983734131,1.357290267944336
0.1629311591386795,-0.11905942857265472,1.06919264793396
0.0929679274559021,-0.07082731276750565,0.8663794994354248
