-3.821741302090231e-06,-8.12191137811169e-06,0.9582942128181458
0.11338582634925842,-0.017734656110405922,0.9712650775909424
0.10305486619472504,-0.05818948149681091,0.4799943268299103
0.1258062720298767,-0.19553649425506592,0.041675686836242676
-0.11338802427053452,0.017723198980093002,0.9452491998672485
-0.16173793375492096,0.010555505752563477,0.46198731660842896
-0.21720418334007263,-0.06124866008758545,0.009137094020843506
-0.0014523537829518318,-0.05675622820854187,1.2100882530212402
-0.0252308938652277,-0.04445233941078186,1.46095609664917
-0.016439788043498993,0.03594726324081421,1.5303568840026855
-0.018854878842830658,-0.008006870746612549,1.6298012733459473
-0.11236487329006195,-0.04077747464179993,1.3625993728637695
-0.1639482080936432,0.0051902830600738525,1.0832899808883667
-0.1135871410369873,0.11268681287765503,1.1369332075119019
0.07404715567827225,-0.03543257713317871,1.4129059314727783
0.10765648633241653,0.05921357870101929,1.1820714473724365
-0.04655821621417999,0.122171550989151,1.2801520824432373
