-8.321035238623153e-07,-7.147828000597656e-06,0.958290159702301
0.11942610144615173,-0.06288070231676102,0.9735892415046692
0.08404862880706787,-0.11558765172958374,0.49195677042007446
0.03265020251274109,-0.24024736881256104,0.04752814769744873
-0.11942890286445618,0.06287176162004471,0.9429240822792053
-0.12662149965763092,0.05255323648452759,0.46039867401123047
-0.17244617640972137,-0.03503012657165527,0.00934600830078125
-0.040052447468042374,-0.05109311640262604,1.2086762189865112
0.00022356677800416946,-0.02697145938873291,1.4631555080413818
0.021814189851284027,0.052514612674713135,1.5510709285736084
0.014144298620522022,-0.00837695598602295,1.6420174837112427
-0.09653570502996445,0.03447946906089783,1.397458553314209
-0.10872113704681396,0.12204912304878235,1.1402173042297363
0.07446643710136414,0.13475850224494934,1.1060528755187988
0.10744678974151611,-0.09191477298736572,1.3882758617401123
0.3118177056312561,-0.1247870922088623,1.164370059967041
0.4569324851036072,0.02824532985687256,1.1498839855194092
