1.324278400716139e-06,-8.97595782589633e-06,0.9582926034927368
0.1209084540605545,-0.009618054144084454,0.9665934443473816
0.11617666482925415,-0.06765714287757874,0.480037122964859
0.12112382054328918,-0.20793116092681885,0.04831516742706299
-0.12091110646724701,0.009604986757040024,0.9499200582504272
-0.11415406316518784,-0.036154985427856445,0.4636920988559723
-0.11646728217601776,-0.12933588027954102,0.015462279319763184
0.02524382993578911,-0.06921541690826416,1.2024298906326294
0.023704856634140015,-0.06446337699890137,1.4483997821807861
-0.0014563575387001038,0.012714922428131104,1.5086137056350708
-0.002678542397916317,-0.010770142078399658,1.6132259368896484
-0.0818437784910202,-0.07842123508453369,1.383602499961853
-0.19764196872711182,-0.09646928310394287,1.1213021278381348
-0.1312553584575653,0.04385402798652649,1.1437723636627197
0.13024112582206726,-0.05247229337692261,1.3840464353561401
0.14397761225700378,0.0710218995809555,1.1267954111099243
0.020994190126657486,0.13200631737709045,1.275823712348938
