-3.686134277813835e-06,-8.218466973630711e-06,0.9582939743995667
0.11802461743354797,-0.030019380152225494,0.973193883895874
0.10168227553367615,-0.06998437643051147,0.486279159784317
0.11159640550613403,-0.22080135345458984,0.04795181751251221
-0.11802533268928528,0.030011964961886406,0.9433193802833557
-0.16586720943450928,0.01655423641204834,0.45945775508880615
-0.2365383505821228,-0.04882615804672241,0.011264324188232422
-0.023949608206748962,-0.05262947082519531,1.2055857181549072
-0.06191202998161316,0.0016795694828033447,1.456662654876709
-0.05740062892436981,0.07751661539077759,1.5286452770233154
-0.07413513958454132,0.031786561012268066,1.628106713294983
-0.16104090213775635,0.011339694261550903,1.354614019393921
-0.2427142858505249,0.07620370388031006,1.0854381322860718
-0.15158705413341522,0.2001543492078781,1.2185083627700806
0.06075006723403931,-0.02078843116760254,1.4166597127914429
0.2610376477241516,-0.03153394162654877,1.2110487222671509
0.11507691442966461,0.10811297595500946,1.1375951766967773
