1.1135034583276138e-06,-8.51473305374384e-06,0.9582933187484741
0.07240782678127289,-0.10781581699848175,0.9738994836807251
0.11628454923629761,-0.13238739967346191,0.48922407627105713
0.09411031007766724,-0.22141975164413452,0.04057776927947998
-0.07241110503673553,0.10779969394207001,0.9426169395446777
-0.053698211908340454,0.07694429159164429,0.45855581760406494
-0.20142939686775208,0.014912128448486328,0.02858912944793701
-0.05996238440275192,-0.023768305778503418,1.2072725296020508
-0.027726121246814728,-0.03660514950752258,1.4596803188323975
0.03661685436964035,0.027299463748931885,1.530720591545105
0.017357831820845604,-0.01180344820022583,1.633026123046875
-0.0613413080573082,0.07674908638000488,1.4023244380950928
0.06234249845147133,0.16076412796974182,1.1703764200210571
0.16670984029769897,0.048408061265945435,1.2808756828308105
0.009458523243665695,-0.13519451022148132,1.3775190114974976
0.06194692850112915,-0.1982506960630417,1.1040129661560059
0.14323128759860992,-0.0582602322101593,1.1214678287506104
