1.1873516996274702e-06,-1.0543531971052289e-05,0.9582927823066711
0.11159029603004456,0.0159912109375,0.96356600522995
0.07810627669095993,0.011346250772476196,0.4822348952293396
0.18996083736419678,-0.19535332918167114,0.08341348171234131
-0.11159133911132812,-0.01599990949034691,0.9529470205307007
-0.11587722599506378,-0.038150399923324585,0.4693047106266022
-0.08713129907846451,-0.12688899040222168,0.01950860023498535
0.04318441450595856,-0.07552783191204071,1.2029296159744263
0.040181808173656464,-0.0658557116985321,1.4584839344024658
0.03632790222764015,0.015576839447021484,1.5310747623443604
0.03365005552768707,-0.0152207612991333,1.6379950046539307
-0.05495091900229454,-0.09334933757781982,1.376220464706421
-0.160611093044281,-0.10122466087341309,1.108059287071228
-0.11801379919052124,0.060006797313690186,1.1931469440460205
0.14049473404884338,-0.03226739168167114,1.3980718851089478
0.18771904706954956,0.07286474108695984,1.140622615814209
0.03222166374325752,0.15545174479484558,1.2618991136550903
