-4.189928404230159e-07,-7.890550477895886e-06,0.9582896828651428
0.11817538738250732,-0.03594676032662392,0.9682397842407227
0.09136438369750977,-0.09079551696777344,0.4838950037956238
0.0642303079366684,-0.2133699655532837,0.036751508712768555
-0.11817631125450134,0.035936612635850906,0.948272168636322
-0.12648579478263855,0.0034482181072235107,0.4658518135547638
-0.1703360229730606,-0.07589274644851685,0.01323932409286499
-0.018569480627775192,-0.06078411638736725,1.2036306858062744
-0.006518227979540825,-0.03319889307022095,1.4555845260620117
-0.003432195633649826,0.05521756410598755,1.517060399055481
0.0045442134141922,0.03372472524642944,1.6326712369918823
-0.11336643993854523,-0.0072670578956604,1.3910707235336304
-0.2236882448196411,0.027413174510002136,1.1323473453521729
-0.08778248727321625,0.12371867895126343,1.1787649393081665
0.09623143076896667,-0.06310832500457764,1.3751745223999023
0.16128528118133545,-0.03942655771970749,1.095319151878357
0.04152806103229523,0.0978880226612091,1.2020217180252075
