3.098309662163956e-07,-8.627337592770346e-06,0.9582919478416443
0.12482127547264099,-0.0493934266269207,0.97236168384552
0.09883224964141846,-0.10228392481803894,0.4833405315876007
0.06831517815589905,-0.2257712483406067,0.045536160469055176
-0.12482428550720215,0.049379631876945496,0.9441487193107605
-0.12995770573616028,0.008382230997085571,0.4626550078392029
-0.1552550196647644,-0.08432942628860474,0.014885306358337402
-0.03244742751121521,-0.06100711226463318,1.204169750213623
-0.02160772494971752,-0.004403531551361084,1.4515986442565918
0.003701917827129364,0.0762319564819336,1.533841609954834
0.0015621334314346313,0.02777308225631714,1.6310882568359375
-0.13817144930362701,0.025252074003219604,1.3766436576843262
-0.3000001609325409,0.013093352317810059,1.122644305229187
-0.40631285309791565,0.10061687231063843,0.9104523062705994
0.08128492534160614,-0.05770745873451233,1.3815170526504517
0.11397144198417664,-0.1335827112197876,1.1165404319763184
0.058544039726257324,-0.08714954555034637,0.9031355381011963
