-1.268568667001091e-06,-8.291219273814932e-06,0.9582918286323547
0.10954232513904572,-0.07279904186725616,0.9756705164909363
0.06696507334709167,-0.11349484324455261,0.49311816692352295
-0.014707125723361969,-0.20873069763183594,0.04817640781402588
-0.10954420268535614,0.07278958708047867,0.9408413767814636
-0.10718367248773575,0.04728156328201294,0.4644063115119934
-0.1870863139629364,-0.02971881628036499,0.01770937442779541
-0.06960151344537735,-0.04149249196052551,1.2025387287139893
-0.0830482766032219,0.00022798776626586914,1.455249547958374
-0.0307157039642334,0.06522834300994873,1.5389537811279297
-0.052896782755851746,0.01729065179824829,1.6373659372329712
-0.17463093996047974,0.06522786617279053,1.3649392127990723
-0.17693376541137695,0.1495271623134613,1.088983416557312
-0.03181524574756622,0.1875169277191162,1.248587727546692
0.025296304374933243,-0.06700101494789124,1.3997386693954468
0.20512211322784424,-0.05993624031543732,1.1642873287200928
0.12178871035575867,0.11900556087493896,1.2473257780075073
