2.0068669073225465e-06,-9.089437298825942e-06,0.9582934975624084
0.09658738970756531,-0.09637647867202759,0.9705653786659241
0.11644330620765686,-0.12506425380706787,0.4840906858444214
0.09974119067192078,-0.22301220893859863,0.03581714630126953
-0.09659148752689362,0.09636212885379791,0.9459501504898071
-0.1260421872138977,0.07263877987861633,0.461933970451355
-0.21663495898246765,-0.016965091228485107,0.022607266902923584
-0.04758913069963455,-0.03752262890338898,1.2079979181289673
0.021148359403014183,-0.04736122488975525,1.4552850723266602
0.09263049066066742,0.021556556224822998,1.5277061462402344
0.07744486629962921,-0.027557015419006348,1.6284147500991821
-0.044505588710308075,0.06573209166526794,1.4044749736785889
0.04801895469427109,0.1821187436580658,1.1762877702713013
0.1857641190290451,0.08483859896659851,1.2738831043243408
0.07639240473508835,-0.14029374718666077,1.3657753467559814
0.10733608901500702,-0.1801370233297348,1.0944619178771973
0.14474481344223022,-0.015294976532459259,1.0889344215393066
