-1.6757153389335144e-06,-7.086795449140482e-06,0.9582881331443787
0.11809450387954712,-0.0630512610077858,0.9784479141235352
0.07558207213878632,-0.11079218983650208,0.49154698848724365
0.013524129986763,-0.2240721583366394,0.0477946400642395
-0.11809675395488739,0.0630379393696785,0.9380652904510498
-0.12179893255233765,0.0193403959274292,0.459397554397583
-0.20271572470664978,-0.05052614212036133,0.01153111457824707
-0.0830901712179184,-0.05171671509742737,1.2024883031845093
-0.10307148098945618,0.01706087589263916,1.4433128833770752
-0.06943351030349731,0.08788681030273438,1.5241858959197998
-0.07330748438835144,0.04231983423233032,1.6271048784255981
-0.19851282238960266,0.059761494398117065,1.3438228368759155
-0.24203342199325562,0.06471670418977737,1.0572788715362549
-0.20695242285728455,0.12349531054496765,0.8217177987098694
0.012752778828144073,-0.04930168390274048,1.3950982093811035
0.17278027534484863,-0.10561157763004303,1.1673129796981812
0.3000701665878296,-0.0280898604542017,0.9626383185386658
