-9.213172234012745e-07,-7.617987648700364e-06,0.9582887887954712
0.12478110194206238,-0.041669365018606186,0.9692215919494629
0.09947431087493896,-0.09484338760375977,0.4905031621456146
0.10211241245269775,-0.24230778217315674,0.054107487201690674
-0.1247841864824295,0.041657380759716034,0.9472915530204773
-0.11189094185829163,0.024242520332336426,0.4628463387489319
-0.09410986304283142,-0.07619631290435791,0.01211237907409668
0.006941501051187515,-0.060515835881233215,1.2059886455535889
0.07489518076181412,-0.041229188442230225,1.4450284242630005
0.1066470518708229,0.03786188364028931,1.5277199745178223
0.09474401921033859,-0.0073549747467041016,1.6259993314743042
-0.04091816395521164,-0.005360960960388184,1.3875951766967773
-0.15252625942230225,0.02264954149723053,1.1428172588348389
-0.06721311807632446,0.10700324177742004,1.0413317680358887
0.17474980652332306,-0.08571311831474304,1.3546667098999023
0.26395297050476074,-0.10898096859455109,1.079900860786438
0.31257855892181396,0.009141124784946442,0.9315261244773865
