9.60567376750987e-07,-6.9977340899640694e-06,0.958286702632904
0.12998637557029724,-0.03826700150966644,0.9675589799880981
0.1337682157754898,-0.055049896240234375,0.4859060049057007
0.16111329197883606,-0.23042511940002441,0.06023406982421875
-0.1299876570701599,0.03825764358043671,0.9489526748657227
-0.12004783749580383,-0.03132513165473938,0.4666389524936676
-0.11854942888021469,-0.13654017448425293,0.022136688232421875
-0.015442732721567154,-0.06728699803352356,1.206594467163086
0.010883639566600323,-0.007412731647491455,1.4552335739135742
0.021451324224472046,0.06950980424880981,1.5395323038101196
0.018925946205854416,0.02234017848968506,1.6383126974105835
-0.11488005518913269,0.01281920075416565,1.3846418857574463
-0.2913908362388611,0.012766793370246887,1.1423516273498535
-0.41072630882263184,0.11674946546554565,0.9362211227416992
0.1252116560935974,-0.04910778999328613,1.3735255002975464
0.21746213734149933,-0.09254908561706543,1.0952438116073608
0.26912856101989746,-0.04086412489414215,0.8663646578788757
