-4.294311111152638e-07,-7.674985681660473e-06,0.9582976698875427
0.09474516659975052,-0.08778354525566101,0.9817461371421814
0.06809781491756439,-0.1219000518321991,0.4963088035583496
-0.009617522358894348,-0.2128438949584961,0.04791367053985596
-0.09474775195121765,0.08777186274528503,0.9347695708274841
-0.09181381016969681,0.070850670337677,0.456157922744751
-0.20902538299560547,0.0012560486793518066,0.0199967622756958
-0.09452967345714569,-0.028188735246658325,1.2019283771514893
-0.10793890058994293,0.010198503732681274,1.4533414840698242
-0.05663514882326126,0.07012253999710083,1.5340592861175537
-0.08365227282047272,0.029082417488098145,1.6325957775115967
-0.17178809642791748,0.08774173259735107,1.359384298324585
-0.07627439498901367,0.1558171808719635,1.0910199880599976
0.13764244318008423,0.08702869713306427,1.0936747789382935
-0.004546833224594593,-0.07694905996322632,1.4152631759643555
0.2718510031700134,-0.1170792430639267,1.2754316329956055
0.48686113953590393,0.014611393213272095,1.2555614709854126
