-1.8864302546717227e-06,-7.193457349785604e-06,0.9582910537719727
0.11431005597114563,0.010132086463272572,0.9657796621322632
0.06811092048883438,0.013262569904327393,0.4904542863368988
0.17133250832557678,-0.15085172653198242,0.06971406936645508
-0.11430982500314713,-0.01014138013124466,0.9507337212562561
-0.11054132878780365,-0.04763805866241455,0.46876540780067444
-0.0701521635055542,-0.14029264450073242,0.017709314823150635
0.028076060116291046,-0.0667669028043747,1.2034850120544434
0.041951969265937805,-0.04507112503051758,1.459519863128662
0.07198254019021988,0.031038880348205566,1.534602403640747
0.07428371161222458,-0.006708502769470215,1.6390821933746338
-0.06338363140821457,-0.0691419243812561,1.3830618858337402
-0.19987037777900696,-0.08675517141819,1.1199142932891846
-0.1270635426044464,0.07707610726356506,1.1954182386398315
0.14458395540714264,-0.021555066108703613,1.3904569149017334
0.2023918777704239,0.07295085489749908,1.127561330795288
0.02740660309791565,0.17603051662445068,1.236710548400879
