2.107262844219804e-06,-8.495933798258193e-06,0.958293080329895
0.06749185174703598,-0.10469010472297668,0.9753604531288147
0.06597672402858734,-0.12863880395889282,0.48830124735832214
-0.017278581857681274,-0.18443357944488525,0.038347601890563965
-0.06749413162469864,0.1046769842505455,0.9411534070968628
-0.020647931843996048,0.10605272650718689,0.4582950174808502
-0.19127103686332703,0.06446760892868042,0.03664577007293701
-0.07166065275669098,-0.029757067561149597,1.2051719427108765
-0.053047969937324524,-0.038235098123550415,1.4572579860687256
0.01323600672185421,0.0035313963890075684,1.539330244064331
-0.0209188275039196,-0.027737319469451904,1.6228947639465332
-0.09880338609218597,0.0719594955444336,1.400800108909607
-0.13528276979923248,0.2234863042831421,1.1589977741241455
0.05924763157963753,0.17381152510643005,1.1676921844482422
-0.006895594298839569,-0.13015684485435486,1.3787527084350586
0.09636200964450836,-0.1808597594499588,1.1153924465179443
0.14356009662151337,-0.021057218313217163,1.2096424102783203
