-7.96725998952752e-07,-7.675549568375573e-06,0.9582926630973816
0.10744515061378479,-0.08090679347515106,0.977236807346344
0.059532731771469116,-0.11796009540557861,0.4918960928916931
-0.02077716588973999,-0.21804308891296387,0.04953557252883911
-0.10744583606719971,0.0808948203921318,0.9392771124839783
-0.10386469960212708,0.04391568899154663,0.46315401792526245
-0.1951325535774231,-0.045259058475494385,0.02292996644973755
-0.08288158476352692,-0.032270997762680054,1.2018024921417236
-0.0989246666431427,0.008506596088409424,1.4532034397125244
-0.044510617852211,0.07111245393753052,1.5317052602767944
-0.061877667903900146,0.0317264199256897,1.6337664127349854
-0.18439069390296936,0.08456122875213623,1.3636043071746826
-0.174844890832901,0.1817995011806488,1.0850735902786255
-0.016004040837287903,0.22027361392974854,1.2163479328155518
0.005820734426379204,-0.07278034090995789,1.4048943519592285
0.19758164882659912,-0.08700281381607056,1.182929277420044
0.2324753701686859,0.09429463744163513,1.260119080543518
