1.6081080502772238e-06,-1.0879401088459417e-05,0.9583025574684143
0.12785181403160095,-0.04052283242344856,0.9648075103759766
0.11299315094947815,-0.09577992558479309,0.48451119661331177
0.1219952404499054,-0.27990931272506714,0.06201374530792236
-0.1278555989265442,0.04050759598612785,0.9517086744308472
-0.12744846940040588,-0.00637546181678772,0.47086721658706665
-0.10649657249450684,-0.12582743167877197,0.020032942295074463
0.027303241193294525,-0.07091198861598969,1.201970100402832
0.08237829804420471,-0.05120602250099182,1.448000431060791
0.09611967206001282,0.03464728593826294,1.5293378829956055
0.0877084732055664,-0.017524421215057373,1.62620210647583
-0.04260005056858063,-0.015342414379119873,1.4117841720581055
-0.2270134836435318,0.054737985134124756,1.245834469795227
-0.2995617389678955,0.2225717306137085,1.2078062295913696
0.1868000626564026,-0.08948537707328796,1.3612616062164307
0.22134733200073242,-0.05992351472377777,1.0922839641571045
0.15356074273586273,0.056458666920661926,1.1357407569885254
