2.22394555748906e-06,-8.258948582806624e-06,0.9582908153533936
0.08366622030735016,-0.09497044235467911,0.9757124781608582
0.06026275455951691,-0.11584359407424927,0.4889077842235565
2.275407314300537e-05,-0.19351935386657715,0.038441479206085205
-0.08367075026035309,0.09495378285646439,0.9408019185066223
-0.08397111296653748,0.08136191964149475,0.45743775367736816
-0.21123439073562622,0.02035468816757202,0.0265195369720459
-0.07724015414714813,-0.025523439049720764,1.202462911605835
-0.06439974159002304,-0.02206096053123474,1.454492449760437
0.004506722092628479,0.026338577270507812,1.517997145652771
-0.01278688944876194,0.001927793025970459,1.6229329109191895
-0.11918124556541443,0.07745522260665894,1.3855931758880615
-0.04921218007802963,0.18150904774665833,1.1317147016525269
0.07681410014629364,0.12304291129112244,1.2756938934326172
-0.006839931011199951,-0.11736521124839783,1.3851275444030762
0.0651315450668335,-0.20124419033527374,1.1272869110107422
0.124759241938591,-0.04240138828754425,1.1472711563110352
