1.456465724913869e-06,-8.551374776288867e-06,0.9582890272140503
0.11039280891418457,-0.0631556510925293,0.9704089760780334
0.08907799422740936,-0.1087816059589386,0.4857567548751831
0.058803871273994446,-0.2178490161895752,0.03987419605255127
-0.11039438843727112,0.06314597278833389,0.9461022615432739
-0.11963566392660141,0.03254172205924988,0.4640619158744812
-0.1631563901901245,-0.0689508318901062,0.016378819942474365
-0.04534008726477623,-0.05059586465358734,1.205145239830017
-0.0008427996654063463,-0.03607654571533203,1.4598538875579834
0.05520512908697128,0.02228015661239624,1.5449012517929077
0.04026820883154869,-0.02276545763015747,1.6381880044937134
-0.09912963211536407,0.03432223200798035,1.3983311653137207
-0.19463984668254852,0.12495830655097961,1.1368738412857056
0.014359459280967712,0.1593686044216156,1.1627330780029297
0.0839141234755516,-0.10365894436836243,1.3716871738433838
0.1801057755947113,-0.15706895291805267,1.0965826511383057
0.16944259405136108,0.046039044857025146,1.1339415311813354
