-3.1757795113662723e-06,-8.289865945698693e-06,0.9582948684692383
0.11774148046970367,-0.0386129729449749,0.9729709029197693
0.08912336826324463,-0.08369255065917969,0.488276869058609
0.07510492205619812,-0.21503949165344238,0.042014241218566895
-0.11774280667304993,0.038605041801929474,0.9435415267944336
-0.1781310737133026,0.029986262321472168,0.461357444524765
-0.26781564950942993,-0.027867257595062256,0.011984586715698242
-0.033692918717861176,-0.0513959676027298,1.2038977146148682
-0.07594983279705048,0.009534716606140137,1.4507110118865967
-0.07177847623825073,0.0830925703048706,1.5224658250808716
-0.09261839091777802,0.04149097204208374,1.621732234954834
-0.17362293601036072,0.026615232229232788,1.3448901176452637
-0.23723149299621582,0.0760078877210617,1.0639151334762573
-0.1503239870071411,0.1931842565536499,1.1886260509490967
0.04825315624475479,-0.023041635751724243,1.413163661956787
0.25018611550331116,-0.042256444692611694,1.205656886100769
0.12066534161567688,0.10733246803283691,1.1205031871795654
