-6.596792445634492e-07,-9.56467556534335e-06,0.9582961797714233
0.125419020652771,-0.03469889238476753,0.9643387198448181
0.09815096855163574,-0.08184275031089783,0.48465466499328613
0.12475517392158508,-0.27242887020111084,0.06174582242965698
-0.12542328238487244,0.03468329831957817,0.9521762728691101
-0.11523611098527908,0.006875127553939819,0.4657837152481079
-0.08203501254320145,-0.1046144962310791,0.017976462841033936
0.03969554230570793,-0.06478556990623474,1.2021600008010864
0.12461648881435394,-0.03647124767303467,1.4315422773361206
0.1454542875289917,0.04828464984893799,1.5121185779571533
0.15001113712787628,-0.001259446144104004,1.610917091369629
0.0005759866908192635,-0.010812550783157349,1.398380994796753
-0.1701730638742447,0.021763622760772705,1.2104895114898682
-0.22993284463882446,0.14737671613693237,1.1093769073486328
0.21894823014736176,-0.06704866886138916,1.32749342918396
0.24021506309509277,-0.05544554814696312,1.0423266887664795
0.19951891899108887,0.04924752935767174,0.8994012475013733
