7.187641131167766e-07,-6.984557330724783e-06,0.9582881927490234
0.11680784821510315,-0.0573834627866745,0.9711326956748962
0.0914197713136673,-0.10991251468658447,0.492542564868927
0.0669592022895813,-0.24938750267028809,0.05674624443054199
-0.11681212484836578,0.05737209692597389,0.9453800916671753
-0.10820749402046204,0.042877644300460815,0.46142691373825073
-0.11880189925432205,-0.046968281269073486,0.01183384656906128
-0.02061299979686737,-0.053020477294921875,1.2104856967926025
0.056126002222299576,-0.025944888591766357,1.4524438381195068
0.08721932023763657,0.05456423759460449,1.534842610359192
0.08508138358592987,0.004843652248382568,1.6351144313812256
-0.04338210076093674,0.025274008512496948,1.3970224857330322
-0.08000542223453522,0.06335347890853882,1.142425537109375
0.057070836424827576,0.06659617274999619,0.9562572240829468
0.15112075209617615,-0.0891326367855072,1.3607300519943237
0.3037875294685364,-0.1461493819952011,1.097259521484375
0.46327418088912964,-0.08445185422897339,0.9150691032409668
