-3.1324134397436865e-07,-6.971189577598125e-06,0.9582862257957458
0.12853263318538666,-0.0497710257768631,0.9731085896492004
0.114585280418396,-0.08814755082130432,0.4873046278953552
0.11699950695037842,-0.22107869386672974,0.046174585819244385
-0.12853440642356873,0.049761660397052765,0.9434028267860413
-0.1371312439441681,-0.015173673629760742,0.46001046895980835
-0.16005495190620422,-0.11445629596710205,0.014378368854522705
-0.03799547627568245,-0.06181494891643524,1.2067965269088745
-0.01737852580845356,0.0023029446601867676,1.4540987014770508
0.006282493472099304,0.07663077116012573,1.5358163118362427
0.00400378555059433,0.03196859359741211,1.6376731395721436
-0.1332935094833374,0.035890012979507446,1.370355248451233
-0.23923557996749878,0.03988318145275116,1.0942556858062744
-0.2798945903778076,0.10965298861265182,0.848148763179779
0.09759673476219177,-0.05793687701225281,1.383771300315857
0.23206639289855957,-0.1454794704914093,1.1277947425842285
0.35910019278526306,-0.11626490205526352,0.9143651127815247
