3.2364350772695616e-06,-8.7220123532461e-06,0.9582879543304443
0.09394977986812592,-0.08068720996379852,0.9762862920761108
0.08574004471302032,-0.11671969294548035,0.48813700675964355
0.04513023793697357,-0.21527743339538574,0.04276871681213379
-0.09395083039999008,0.08067329227924347,0.9402269721031189
-0.10493215173482895,0.022922128438949585,0.4566155672073364
-0.17073987424373627,-0.0776776671409607,0.012514233589172363
-0.07530597597360611,-0.029770895838737488,1.2039015293121338
-0.0493706576526165,-0.0006880462169647217,1.459643840789795
0.016078881919384003,0.05278283357620239,1.5323392152786255
-0.0018096938729286194,0.019791483879089355,1.6353936195373535
-0.12563690543174744,0.0849975049495697,1.384489893913269
-0.12444514036178589,0.15717874467372894,1.1087641716003418
0.061080627143383026,0.13422170281410217,1.1889796257019043
0.022733047604560852,-0.08833914995193481,1.3908041715621948
0.09093689918518066,-0.15549059212207794,1.1246047019958496
0.1296074241399765,-0.0018984228372573853,1.107465386390686
