-5.663687261403538e-07,-9.880262950900942e-06,0.958300769329071
0.08236720412969589,-0.08746875822544098,0.9706332683563232
0.0714939534664154,-0.098107248544693,0.4875202178955078
0.02029399573802948,-0.15481698513031006,0.038031935691833496
-0.08236823230981827,0.08745849132537842,0.9458798766136169
-0.039631910622119904,0.0793294906616211,0.4644808769226074
-0.17073608934879303,0.026599228382110596,0.04314267635345459
-0.06536552309989929,-0.03814435005187988,1.2080360651016235
-0.046586666256189346,-0.04888731241226196,1.4524253606796265
0.03138270974159241,-0.012615025043487549,1.531348705291748
0.030973337590694427,-0.06598204374313354,1.6021438837051392
-0.10896781086921692,0.04812714457511902,1.4083173274993896
-0.17632612586021423,0.1726101040840149,1.178545355796814
-0.016098499298095703,0.11763405799865723,1.151876449584961
0.018693648278713226,-0.1287917196750641,1.373693585395813
0.14075025916099548,-0.1566651314496994,1.1185874938964844
0.14910447597503662,0.006444156169891357,1.224930763244629
