-4.134229584451532e-06,-7.617727533215657e-06,0.9582970142364502
0.10399951040744781,-0.07240792363882065,0.9818105101585388
0.07942897081375122,-0.11941379308700562,0.4947371482849121
-0.008939072489738464,-0.2187587022781372,0.05074501037597656
-0.10400331765413284,0.07239238917827606,0.9347032904624939
-0.08902251720428467,0.04787635803222656,0.4589473605155945
-0.2009303867816925,-0.011932015419006348,0.021045207977294922
-0.0850178599357605,-0.028210535645484924,1.2009027004241943
-0.13317137956619263,0.037455469369888306,1.4433462619781494
-0.10364486277103424,0.10760104656219482,1.5243459939956665
-0.14011359214782715,0.07124125957489014,1.6194689273834229
-0.20473775267601013,0.09041032195091248,1.336808681488037
-0.13348214328289032,0.13390102982521057,1.0604828596115112
0.012307900935411453,0.1110982745885849,1.097154140472412
-0.0167386494576931,-0.0291270911693573,1.4198215007781982
0.23056334257125854,-0.031100362539291382,1.2694951295852661
0.314997136592865,0.1375514566898346,1.2766209840774536
