2.1049277165730018e-07,-8.862174581736326e-06,0.958291232585907
0.10817025601863861,-0.0694890096783638,0.9687632918357849
0.06967555731534958,-0.10553330183029175,0.48560571670532227
0.007455110549926758,-0.19101464748382568,0.03595125675201416
-0.1081714928150177,0.06948057562112808,0.9477475881576538
-0.08385846018791199,0.06452101469039917,0.47239774465560913
-0.20956717431545258,-8.761882781982422e-06,0.03674882650375366
-0.04294602945446968,-0.04611797630786896,1.2057905197143555
-0.013827862218022346,-0.025962620973587036,1.460152506828308
0.017535772174596786,0.04688060283660889,1.541557788848877
-0.0031677503138780594,0.0036857128143310547,1.6392146348953247
-0.11495354771614075,0.0384310781955719,1.3992664813995361
-0.24574822187423706,0.13076405227184296,1.1593607664108276
-0.03125264495611191,0.1902923882007599,1.1654900312423706
0.08018774539232254,-0.08640936017036438,1.3766404390335083
0.17810747027397156,-0.08370423316955566,1.1054956912994385
0.11516708135604858,0.09289726614952087,1.2057945728302002
