1.219186742673628e-06,-8.1161197158508e-06,0.9582905173301697
0.10957610607147217,-0.0619521327316761,0.970973551273346
0.07770465314388275,-0.10864901542663574,0.4868066608905792
0.027466192841529846,-0.21319395303726196,0.03881049156188965
-0.10957810282707214,0.06194162741303444,0.9455386400222778
-0.1124454140663147,0.03384190797805786,0.46136799454689026
-0.1880548596382141,-0.04688763618469238,0.015766799449920654
-0.048360466957092285,-0.05091319978237152,1.201722502708435
-0.03132789209485054,-0.028676718473434448,1.4559253454208374
-0.0021705850958824158,0.047830820083618164,1.5240957736968994
-0.0036176778376102448,0.024084925651550293,1.636167287826538
-0.1218615174293518,0.030556827783584595,1.3892767429351807
-0.18280017375946045,0.09896102547645569,1.1218124628067017
-0.008735530078411102,0.1317557394504547,1.1844050884246826
0.057998210191726685,-0.09025681018829346,1.3768503665924072
0.14238956570625305,-0.1321582794189453,1.1067650318145752
0.096079021692276,0.04146018624305725,1.1453481912612915
