-5.497553502209485e-06,-5.042285920353606e-06,0.9582884311676025
0.1238049566745758,-0.04063829779624939,0.9750949144363403
0.08908632397651672,-0.10500913858413696,0.4945359230041504
0.04734732210636139,-0.22328460216522217,0.056185007095336914
-0.12380599975585938,0.04062487930059433,0.9414151906967163
-0.1184598058462143,0.005058020353317261,0.46416983008384705
-0.14760196208953857,-0.07469189167022705,0.016559362411499023
-0.032413940876722336,-0.05006374418735504,1.2066740989685059
-0.07228042185306549,0.016017943620681763,1.453260898590088
-0.040719032287597656,0.0887523889541626,1.540073037147522
-0.054351821541786194,0.034388720989227295,1.6335333585739136
-0.1828751266002655,0.016447246074676514,1.363721251487732
-0.29199832677841187,-0.03340284526348114,1.0858423709869385
-0.38923442363739014,0.08624105155467987,0.949554443359375
0.04780968651175499,-0.0036240220069885254,1.3973366022109985
0.14347964525222778,0.061395347118377686,1.1375418901443481
-0.03424272686243057,0.18350064754486084,1.068324089050293
