-3.6740252653544303e-06,-7.989889127202332e-06,0.9582970142364502
0.10311447083950043,-0.07822544872760773,0.9811586141586304
0.06651850044727325,-0.11548534035682678,0.4899730086326599
-0.015897095203399658,-0.20448309183120728,0.0439988374710083
-0.10311593115329742,0.07821167260408401,0.9353559017181396
-0.1031537875533104,0.05710300803184509,0.4560306668281555
-0.21487432718276978,-0.004896581172943115,0.017168939113616943
-0.09314384311437607,-0.027504250407218933,1.2009146213531494
-0.12514930963516235,0.0197087824344635,1.4453555345535278
-0.07259130477905273,0.08178085088729858,1.5219736099243164
-0.08868271112442017,0.0419921875,1.6225409507751465
-0.19841265678405762,0.08706209063529968,1.3468217849731445
-0.13805267214775085,0.1571311354637146,1.0685302019119263
0.017965879291296005,0.12798148393630981,1.1444449424743652
-0.019324585795402527,-0.05901211500167847,1.4153811931610107
0.2194157838821411,-0.09329767525196075,1.2604944705963135
0.3412477970123291,0.07083481550216675,1.2757846117019653
