7.890748747740872e-07,-1.0053550795419142e-05,0.9582934379577637
0.12409225106239319,-0.04277927055954933,0.9681377410888672
0.10611993074417114,-0.09191063046455383,0.4905059337615967
0.10073330998420715,-0.2667059898376465,0.06079983711242676
-0.12409341335296631,0.04276925325393677,0.9483745098114014
-0.10962583124637604,-0.004686474800109863,0.4663551449775696
-0.08382102102041245,-0.12622904777526855,0.018137753009796143
-0.00023639202117919922,-0.06937035918235779,1.2060848474502563
0.042452067136764526,-0.04177135229110718,1.4567642211914062
0.07178665697574615,0.042680561542510986,1.5334645509719849
0.060118816792964935,-0.0023953914642333984,1.6386100053787231
-0.0731748640537262,0.0010310113430023193,1.3960247039794922
-0.16318988800048828,0.11558368802070618,1.1560887098312378
-0.0008009299635887146,0.17293468117713928,1.2793776988983154
0.15010076761245728,-0.0782705545425415,1.3759143352508545
0.23516874015331268,-0.009898066520690918,1.1059975624084473
0.16839319467544556,0.1335715353488922,1.2883127927780151
