-1.3317230695975013e-07,-7.189155439846218e-06,0.9582943916320801
0.09470406919717789,-0.08151952922344208,0.9812584519386292
0.06459201127290726,-0.12071824073791504,0.4965171813964844
-0.0018163025379180908,-0.21088552474975586,0.047116637229919434
-0.09470531344413757,0.0815088152885437,0.9352557063102722
-0.09837953746318817,0.04044058918952942,0.456371545791626
-0.18884366750717163,-0.04388540983200073,0.016395926475524902
-0.09044328331947327,-0.032591283321380615,1.2010763883590698
-0.09234438836574554,0.000612795352935791,1.4533783197402954
-0.027567245066165924,0.04057919979095459,1.5281914472579956
-0.05937933921813965,0.029607295989990234,1.6376701593399048
-0.15481030941009521,0.08096042275428772,1.362313985824585
-0.09937676787376404,0.15386487543582916,1.0882574319839478
0.10183882713317871,0.09692543745040894,1.0985608100891113
-0.002594485878944397,-0.08838114142417908,1.407459020614624
0.22260543704032898,-0.1443151980638504,1.2215735912322998
0.3828326463699341,0.0017164051532745361,1.2276771068572998
