2.8887052394566126e-07,-7.4690233304863796e-06,0.9582889080047607
0.09976327419281006,-0.0856827050447464,0.9705689549446106
0.1221206784248352,-0.12843364477157593,0.4869116246700287
0.11416445672512054,-0.25628578662872314,0.04525488615036011
-0.09976595640182495,0.08566832542419434,0.9459455013275146
-0.12154547870159149,0.06131055951118469,0.460210919380188
-0.20225384831428528,-0.024649977684020996,0.01724773645401001
-0.04678311198949814,-0.046436607837677,1.2078845500946045
0.017123300582170486,-0.050276607275009155,1.4561102390289307
0.08081889897584915,0.02350485324859619,1.5258867740631104
0.08064167201519012,-0.019848644733428955,1.6310735940933228
-0.057652950286865234,0.05098772048950195,1.4053395986557007
-0.025220133364200592,0.17609935998916626,1.1560463905334473
0.1469632387161255,0.1011091023683548,1.226931095123291
0.08002149313688278,-0.13447672128677368,1.3629873991012573
0.1465606987476349,-0.15944981575012207,1.0830821990966797
0.15731081366539001,0.008645892143249512,1.1217817068099976
