-6.94490154273808e-08,-7.3109058575937524e-06,0.958288848400116
0.10188676416873932,-0.08235210180282593,0.9704091548919678
0.12704454362392426,-0.12717294692993164,0.4874107837677002
0.12533576786518097,-0.26379716396331787,0.04790794849395752
-0.10188938677310944,0.08233870565891266,0.9461055397987366
-0.12173090875148773,0.05126342177391052,0.4598526656627655
-0.19167488813400269,-0.04301053285598755,0.017256617546081543
-0.04425282031297684,-0.04854540526866913,1.2076677083969116
0.0211630929261446,-0.050881266593933105,1.4565215110778809
0.08389772474765778,0.023937344551086426,1.5264798402786255
0.08603017032146454,-0.020285367965698242,1.631933569908142
-0.057167455554008484,0.047371089458465576,1.404956579208374
-0.0289037823677063,0.16843773424625397,1.1534751653671265
0.1405840516090393,0.10213831067085266,1.2227751016616821
0.0865357369184494,-0.13331753015518188,1.363584041595459
0.15211078524589539,-0.15620264410972595,1.08450186252594
0.15804126858711243,0.012236297130584717,1.1129604578018188
