-1.1153269952046685e-06,-7.5245334301143885e-06,0.9582945108413696
0.12690585851669312,-0.023791149258613586,0.9643913507461548
0.10019552707672119,-0.0958910584449768,0.49037298560142517
0.11725342273712158,-0.24644911289215088,0.06006157398223877
-0.12690843641757965,0.023779436945915222,0.9521223306655884
-0.11334358155727386,-0.01201695203781128,0.4716717004776001
-0.10055261850357056,-0.1137458086013794,0.022643208503723145
0.01503656804561615,-0.05895170569419861,1.2041802406311035
0.03444681689143181,-0.01736888289451599,1.4557764530181885
0.05950024724006653,0.05671107769012451,1.543243169784546
0.054297685623168945,0.005995213985443115,1.6390641927719116
-0.08626013994216919,-0.01909467577934265,1.394878625869751
-0.23218467831611633,-0.04978474974632263,1.1478478908538818
-0.33817386627197266,0.09899875521659851,1.119484782218933
0.14582954347133636,-0.024935245513916016,1.375030279159546
0.18934868276119232,0.06382137537002563,1.0939044952392578
0.03271061182022095,0.15800318121910095,1.1439803838729858
