1.3429726095637307e-06,-8.77661477716174e-06,0.9582931995391846
0.1311492621898651,-0.04414929077029228,0.9671943783760071
0.0992029458284378,-0.09512358903884888,0.48657286167144775
0.10058188438415527,-0.2602514624595642,0.051129162311553955
-0.1311548799276352,0.044133685529232025,0.9493182897567749
-0.1308765858411789,0.011666029691696167,0.46666720509529114
-0.11989341676235199,-0.08484596014022827,0.013011395931243896
0.013202127069234848,-0.06533583998680115,1.205919861793518
0.07356978952884674,-0.027286916971206665,1.4456669092178345
0.0911342203617096,0.057576894760131836,1.526645541191101
0.0830683633685112,0.007186174392700195,1.622658610343933
-0.05204429477453232,0.003782302141189575,1.4025298357009888
-0.2205442190170288,0.00920259952545166,1.2061529159545898
-0.31638264656066895,0.10439348965883255,1.0326294898986816
0.17615866661071777,-0.0782535970211029,1.3589048385620117
0.21619272232055664,-0.1452261507511139,1.0970538854599
0.2411196231842041,-0.09098344296216965,0.9053471088409424
