-5.3539270084002055e-06,-7.895370799815282e-06,0.9583006501197815
0.12387871742248535,-0.012229073792696,0.9706122279167175
0.09207415580749512,-0.06287530064582825,0.4899371266365051
0.10937723517417908,-0.24001991748809814,0.06629401445388794
-0.12387865036725998,0.012217335402965546,0.9459011554718018
-0.11239698529243469,-0.022132813930511475,0.46283936500549316
-0.06685340404510498,-0.13414621353149414,0.017866849899291992
0.02417992800474167,-0.05390964448451996,1.205350399017334
0.053390540182590485,-0.0070473551750183105,1.4466116428375244
0.1068071499466896,0.06826937198638916,1.5159778594970703
0.11045759916305542,0.02758324146270752,1.6220641136169434
-0.06584152579307556,-0.01306837797164917,1.3858611583709717
-0.214170902967453,-0.04478690028190613,1.1469392776489258
-0.3158069849014282,0.07082861661911011,1.1030043363571167
0.15610384941101074,-0.019725650548934937,1.3665200471878052
0.19627869129180908,0.03204827010631561,1.0857218503952026
0.0931185781955719,0.14043395221233368,1.147240161895752
