-6.925947673153132e-07,-8.047692972468212e-06,0.9582949280738831
0.08327355980873108,-0.09563345462083817,0.9726351499557495
0.06122353672981262,-0.12518447637557983,0.48698997497558594
-0.011921703815460205,-0.19888091087341309,0.03649711608886719
-0.08327585458755493,0.09562037140130997,0.9438768625259399
-0.03762789070606232,0.08213794231414795,0.46087080240249634
-0.2232619673013687,0.025474965572357178,0.04300642013549805
-0.0732949823141098,-0.03424760699272156,1.2035648822784424
-0.04090304672718048,-0.03137332201004028,1.457288146018982
0.01687932386994362,0.023145318031311035,1.5406100749969482
-0.005414046347141266,-0.017969787120819092,1.6359559297561646
-0.10700225830078125,0.06853210926055908,1.3962185382843018
-0.15536069869995117,0.1858256459236145,1.1382555961608887
0.04625501111149788,0.15758395195007324,1.143701434135437
0.02006419003009796,-0.11915436387062073,1.3707174062728882
0.1087617576122284,-0.1686316579580307,1.0955559015274048
0.13415151834487915,0.0017269253730773926,1.163507103919983
