-3.402970833121799e-06,-8.140941645251587e-06,0.9582947492599487
0.11813339591026306,-0.037384770810604095,0.9734768867492676
0.0939621776342392,-0.08157342672348022,0.48836278915405273
0.08333852887153625,-0.2169513702392578,0.04464995861053467
-0.11813448369503021,0.03737702593207359,0.9430358409881592
-0.17559289932250977,0.02802702784538269,0.46066057682037354
-0.2599621117115021,-0.030434370040893555,0.011127173900604248
-0.03149445354938507,-0.05036090314388275,1.20432448387146
-0.07144945859909058,0.010252445936203003,1.4522998332977295
-0.06788069754838943,0.08435690402984619,1.524368405342102
-0.08842532336711884,0.040472209453582764,1.6229227781295776
-0.1703999638557434,0.025927722454071045,1.3478546142578125
-0.2390059530735016,0.08063123375177383,1.0707130432128906
-0.15099859237670898,0.1999669075012207,1.1976393461227417
0.05245736986398697,-0.021050214767456055,1.4148318767547607
0.2545030117034912,-0.041257038712501526,1.2115411758422852
0.1221671849489212,0.10234306752681732,1.1258752346038818
