1.4682909750263207e-06,-8.971039278549142e-06,0.9582914113998413
0.10227897763252258,-0.09148202836513519,0.9704394340515137
0.12526103854179382,-0.12127915024757385,0.48434436321258545
0.12498986721038818,-0.23701602220535278,0.038944363594055176
-0.10228122770786285,0.09147072583436966,0.9460764527320862
-0.12417696416378021,0.05484205484390259,0.45904088020324707
-0.19211694598197937,-0.048441171646118164,0.015529096126556396
-0.04564164578914642,-0.041625842452049255,1.2078003883361816
0.02430770918726921,-0.04073035717010498,1.4568564891815186
0.09567283093929291,0.024461746215820312,1.53059983253479
0.08444783091545105,-0.02250969409942627,1.6296086311340332
-0.04996820539236069,0.0661802887916565,1.4036937952041626
0.010321363806724548,0.18809741735458374,1.1547586917877197
0.16273781657218933,0.09848985075950623,1.2443292140960693
0.0885525643825531,-0.13126417994499207,1.3670401573181152
0.13861533999443054,-0.1677999198436737,1.0889371633529663
0.1528714895248413,0.01679113507270813,1.111191987991333
