-3.337519501656061e-06,-6.389693226083182e-06,0.9582867622375488
0.11852870881557465,-0.001996253151446581,0.9664078950881958
0.09010375291109085,-0.0363633930683136,0.4880863428115845
0.1317751705646515,-0.1831653118133545,0.05110287666320801
-0.11852879077196121,0.0019876412115991116,0.950103759765625
-0.1209091767668724,-0.04343825578689575,0.4691643714904785
-0.09435321390628815,-0.14712750911712646,0.017037570476531982
0.01790892332792282,-0.06705929338932037,1.2043094635009766
0.020023619756102562,-0.03620573878288269,1.4619436264038086
0.043965764343738556,0.042649924755096436,1.5413296222686768
0.03869813680648804,0.005222022533416748,1.64738130569458
-0.08353310823440552,-0.05092296004295349,1.3763691186904907
-0.1877121925354004,-0.07575822621583939,1.099863052368164
-0.11940068006515503,0.09705044329166412,1.1739180088043213
0.1292223483324051,-0.02781093120574951,1.3972121477127075
0.23039844632148743,0.030295759439468384,1.1292492151260376
0.05732026696205139,0.17602656781673431,1.1990134716033936
