1.5175664884736761e-06,-7.4352828960400075e-06,0.9582946300506592
0.10649801790714264,-0.07754801213741302,0.9751623868942261
0.07686793804168701,-0.11789697408676147,0.4908766746520996
0.01154753565788269,-0.20828580856323242,0.03944963216781616
-0.10650067031383514,0.07753922045230865,0.9413515329360962
-0.10884873569011688,0.07159444689750671,0.45959654450416565
-0.18663844466209412,-0.007604062557220459,0.01592075824737549
-0.06889079511165619,-0.04259936511516571,1.2032309770584106
-0.0565476156771183,-0.012756019830703735,1.4606549739837646
-0.015189096331596375,0.05452507734298706,1.5452687740325928
-0.03191336989402771,0.005219399929046631,1.6413235664367676
-0.1349765658378601,0.06309676170349121,1.3769558668136597
-0.09153033792972565,0.1577906608581543,1.1058576107025146
0.12024196982383728,0.1272476762533188,1.1290156841278076
0.047373414039611816,-0.09206420183181763,1.4026626348495483
0.291861891746521,-0.12171041965484619,1.2116159200668335
0.5009537935256958,0.030324891209602356,1.2029762268066406
