-2.1774985725642182e-07,-8.825125405564904e-06,0.9582907557487488
0.11067087948322296,-0.0663672611117363,0.9689714908599854
0.07269888371229172,-0.10672205686569214,0.4857136011123657
0.010672129690647125,-0.19647729396820068,0.03595542907714844
-0.11067168414592743,0.06635980308055878,0.9475390911102295
-0.09299029409885406,0.06185367703437805,0.4710695743560791
-0.20376059412956238,-0.0009348392486572266,0.029869437217712402
-0.03923865407705307,-0.049881160259246826,1.2050713300704956
-0.01048649474978447,-0.024407804012298584,1.4590480327606201
0.01653844490647316,0.04981130361557007,1.5417183637619019
-0.004490304738283157,0.0070168375968933105,1.6391758918762207
-0.11460418999195099,0.03565266728401184,1.3951712846755981
-0.244090735912323,0.12308087944984436,1.1505006551742554
-0.03219614177942276,0.19120356440544128,1.1623508930206299
0.08743414282798767,-0.08269649744033813,1.3771700859069824
0.18854820728302002,-0.07815158367156982,1.1042617559432983
0.11957570910453796,0.10253068804740906,1.1960489749908447
