2.5584918148524594e-06,-8.060862455749884e-06,0.9582920670509338
0.0699915736913681,-0.10794985294342041,0.9767178297042847
0.06303714960813522,-0.13152989745140076,0.4890771806240082
-0.02066711336374283,-0.19671589136123657,0.03870415687561035
-0.06999420374631882,0.10793563723564148,0.939795196056366
-0.026579249650239944,0.10853293538093567,0.4545809030532837
-0.18922513723373413,0.05063331127166748,0.03139662742614746
-0.07320312410593033,-0.030342787504196167,1.2050824165344238
-0.04826934635639191,-0.03431740403175354,1.4574087858200073
0.015340650454163551,0.008087575435638428,1.5396723747253418
-0.015177825465798378,-0.02096390724182129,1.6290972232818604
-0.09558568894863129,0.07528221607208252,1.3946927785873413
-0.10985377430915833,0.2114645540714264,1.1413599252700806
0.07757388800382614,0.15871843695640564,1.1748242378234863
-0.00467434898018837,-0.13117748498916626,1.3786638975143433
0.0734117329120636,-0.20545227825641632,1.114219069480896
0.1479845643043518,-0.056644126772880554,1.1795872449874878
