-3.2320167520083487e-07,-9.926057828124613e-06,0.9582918286323547
0.1181090921163559,-0.03563239052891731,0.9677959084510803
0.05581878125667572,-0.08117276430130005,0.489862322807312
-0.006930597126483917,-0.183832049369812,0.0412139892578125
-0.11810919642448425,0.035626932978630066,0.9487152099609375
-0.15934959053993225,0.046232402324676514,0.47316157817840576
-0.264972448348999,-0.03302234411239624,0.03615307807922363
-0.020843615755438805,-0.05665506422519684,1.2035679817199707
-0.027659818530082703,-0.008238524198532104,1.4570276737213135
-0.03639828413724899,0.06931251287460327,1.5359923839569092
-0.04420718550682068,0.029012978076934814,1.635920524597168
-0.13167889416217804,0.017222702503204346,1.3750447034835815
-0.21806716918945312,0.07505358755588531,1.1037013530731201
-0.06563746929168701,0.1661907136440277,1.1700859069824219
0.08775727450847626,-0.041902780532836914,1.3915067911148071
0.24543528258800507,-0.05052889138460159,1.1346051692962646
0.12017307430505753,0.13774269819259644,1.1565548181533813
