-3.8556254366994835e-07,-8.44372516439762e-06,0.9582920074462891
0.12376034259796143,-0.048556238412857056,0.970554530620575
0.09038367867469788,-0.10230159759521484,0.4862704873085022
0.059673190116882324,-0.2244734764099121,0.04522395133972168
-0.12376166880130768,0.04854658991098404,0.9459567666053772
-0.13527217507362366,0.012243956327438354,0.46325117349624634
-0.16945742070674896,-0.08617979288101196,0.015921592712402344
-0.030135653913021088,-0.06198170781135559,1.2029120922088623
-0.008604278787970543,0.0022731125354766846,1.4497452974319458
0.023760531097650528,0.08227658271789551,1.5333009958267212
0.01786680519580841,0.0378643274307251,1.6340888738632202
-0.12402939796447754,0.02905699610710144,1.3766539096832275
-0.2704623341560364,0.007989197969436646,1.1155791282653809
-0.36140334606170654,0.07389859110116959,0.8905136585235596
0.09346512705087662,-0.04646056890487671,1.3682763576507568
0.13306504487991333,-0.08928582072257996,1.0838879346847534
0.045804452151060104,-0.017856158316135406,0.8841862678527832
