4.4755415729014203e-07,-1.077468550647609e-05,0.9582969546318054
0.12435930967330933,-0.04570046067237854,0.9676176309585571
0.09412169456481934,-0.0864173173904419,0.49076616764068604
0.09458497166633606,-0.25832825899124146,0.057176411151885986
-0.12435963749885559,0.045691922307014465,0.9488943815231323
-0.11067375540733337,0.006132394075393677,0.4646924138069153
-0.08727836608886719,-0.1160663366317749,0.01759481430053711
-0.007131949998438358,-0.06445708870887756,1.2060081958770752
0.04470211640000343,-0.035755664110183716,1.4541659355163574
0.0686483085155487,0.050245046615600586,1.5356436967849731
0.05740872770547867,0.0002409815788269043,1.6372138261795044
-0.06999309360980988,0.013592809438705444,1.3952434062957764
-0.13425253331661224,0.12607979774475098,1.1522128582000732
0.03726011514663696,0.14596298336982727,1.2776944637298584
0.15204735100269318,-0.08238473534584045,1.3680206537246704
0.2591884136199951,-0.0460686981678009,1.097244143486023
0.22458016872406006,0.11630672216415405,1.2671972513198853
