-1.05531307781348e-06,-6.386464519891888e-06,0.9582874178886414
0.11933594942092896,-0.0613478422164917,0.9745976328849792
0.08716844022274017,-0.11530154943466187,0.49662429094314575
0.04152055084705353,-0.25818949937820435,0.06022006273269653
-0.11933782696723938,0.0613379143178463,0.9419147372245789
-0.11087512969970703,0.03569519519805908,0.46219000220298767
-0.13421443104743958,-0.07812511920928955,0.018090009689331055
-0.044133562594652176,-0.056082263588905334,1.2079825401306152
0.005384125746786594,-0.02893209457397461,1.4589135646820068
0.04282694309949875,0.042919039726257324,1.5483448505401611
0.02968936786055565,-0.009059727191925049,1.6455429792404175
-0.09739276766777039,0.03251361846923828,1.3879294395446777
-0.16317862272262573,0.1133110523223877,1.1222314834594727
0.020490314811468124,0.18331533670425415,1.0598570108413696
0.10433939099311829,-0.09786218404769897,1.379155158996582
0.23602750897407532,-0.14933881163597107,1.1166577339172363
0.36221760511398315,-0.024843499064445496,1.0234487056732178
