-8.053248166106641e-07,-8.636208804091439e-06,0.958290696144104
0.1185961365699768,-0.05508948862552643,0.9707970023155212
0.1351175457239151,-0.08408656716346741,0.4877657890319824
0.1614311933517456,-0.2602786421775818,0.06957316398620605
-0.11859653890132904,0.05508097633719444,0.945716381072998
-0.11769414693117142,0.005480349063873291,0.4636697471141815
-0.1342221051454544,-0.1046828031539917,0.013171970844268799
-0.01832389645278454,-0.05194053053855896,1.2075259685516357
0.0031685088761150837,-0.013717979192733765,1.4620059728622437
0.06864093244075775,0.05265307426452637,1.5338711738586426
0.05745828524231911,0.012610673904418945,1.633991003036499
-0.10976851731538773,0.032730311155319214,1.3837947845458984
-0.21018870174884796,0.09711012244224548,1.1165578365325928
-0.09961161017417908,0.19969236850738525,1.2407240867614746
0.1098889410495758,-0.061708003282547,1.4010181427001953
0.2080872505903244,-0.014775276184082031,1.141905426979065
0.070500448346138,0.13572970032691956,1.2658594846725464
