2.1349251255742274e-07,-8.30036515253596e-06,0.9582857489585876
0.12030880153179169,-0.06324490904808044,0.9723212122917175
0.0539177805185318,-0.10523021221160889,0.4883812665939331
-0.008239775896072388,-0.2015303373336792,0.042075276374816895
-0.1203116923570633,0.06323554366827011,0.9441913366317749
-0.16624635457992554,0.04941588640213013,0.4605470895767212
-0.2543851137161255,-0.030412793159484863,0.016362309455871582
-0.065709188580513,-0.05042417347431183,1.2042874097824097
-0.035088326781988144,0.01140710711479187,1.4513040781021118
0.0145232193171978,0.07889729738235474,1.532600998878479
0.002302238717675209,0.03772813081741333,1.6337189674377441
-0.13783180713653564,0.06724569201469421,1.3680778741836548
-0.18445879220962524,0.10999490320682526,1.0843056440353394
-0.0799599438905716,0.17402540147304535,0.8631628155708313
0.06736337393522263,-0.05860152840614319,1.3793002367019653
0.17458078265190125,-0.1350363940000534,1.1156492233276367
0.22475165128707886,-0.0725899189710617,0.8877371549606323
