-1.6925541785894893e-06,-8.126669854391366e-06,0.9582970142364502
0.10266649723052979,-0.07945649325847626,0.980532705783844
0.06694044917821884,-0.11922979354858398,0.4925650358200073
-0.008675545454025269,-0.20674538612365723,0.04344034194946289
-0.1026681661605835,0.0794447734951973,0.9359824061393738
-0.10650964081287384,0.06329524517059326,0.4553157687187195
-0.21168917417526245,-0.0026227831840515137,0.01453322172164917
-0.08508283644914627,-0.0314161479473114,1.2017955780029297
-0.1054714024066925,0.007899105548858643,1.4519277811050415
-0.05760914087295532,0.07325047254562378,1.531418800354004
-0.0763925313949585,0.02980971336364746,1.6308012008666992
-0.17987483739852905,0.07844191789627075,1.357090711593628
-0.11330944299697876,0.15233267843723297,1.0823098421096802
0.06482312828302383,0.11386293172836304,1.150652289390564
0.0021373722702264786,-0.07077488303184509,1.4145475625991821
0.25697946548461914,-0.09643593430519104,1.2601089477539062
0.41357171535491943,0.07536986470222473,1.2837982177734375
