-2.44386956183007e-06,-6.632133590755984e-06,0.9582914710044861
0.12281662225723267,-0.049272917211055756,0.9745740294456482
0.07780054211616516,-0.1045803427696228,0.4882032573223114
0.02683621644973755,-0.22388499975204468,0.052002668380737305
-0.12281763553619385,0.04926043003797531,0.9419375658035278
-0.13366538286209106,0.02100709080696106,0.4618450701236725
-0.18458910286426544,-0.066719651222229,0.014614582061767578
-0.035451143980026245,-0.05314645171165466,1.2088711261749268
-0.050989389419555664,0.01449573040008545,1.4554071426391602
-0.0235433429479599,0.09072375297546387,1.5423831939697266
-0.02488703280687332,0.03710067272186279,1.6370487213134766
-0.16537803411483765,0.03762829303741455,1.3722174167633057
-0.3173934519290924,0.03638170659542084,1.114001750946045
-0.431861937046051,0.12596935033798218,0.9059103727340698
0.056231539696455,-0.02766987681388855,1.3928956985473633
0.09885649383068085,-0.03418910503387451,1.1343756914138794
-0.017987076193094254,0.028018837794661522,0.9837307929992676
