4.5457090891432017e-07,-1.2783813872374594e-05,0.887530505657196
0.10371584445238113,-0.05031036585569382,0.8956605792045593
0.1127968430519104,-0.13225007057189941,0.4460117220878601
0.06989322602748871,-0.29378408193588257,0.02405315637588501
-0.10372036695480347,0.05029258504509926,0.8793109655380249
-0.1152934581041336,-0.04315564036369324,0.43269777297973633
-0.1482744812965393,-0.20381563901901245,0.013140380382537842
-0.016228869557380676,-0.02591472864151001,1.1161834001541138
0.010400619357824326,0.026151657104492188,1.3596580028533936
0.06009744480252266,0.10240477323532104,1.4296901226043701
0.05359232798218727,0.08058702945709229,1.530218243598938
-0.08697563409805298,0.06708875298500061,1.2896029949188232
-0.19873422384262085,0.08015012741088867,1.0233656167984009
-0.149303138256073,0.13905614614486694,0.855575680732727
0.09734883904457092,-0.042116135358810425,1.2865772247314453
0.20052704215049744,-0.12542639672756195,1.0218937397003174
0.21831564605236053,-0.013390926644206047,0.8701418042182922
