-8.940546649682801e-07,-1.2318367225816473e-05,0.8875338435173035
0.10607798397541046,-0.049741074442863464,0.8948932886123657
0.104112908244133,-0.13287442922592163,0.457343727350235
0.040416181087493896,-0.28896641731262207,0.037277281284332275
-0.1060837060213089,0.0497235506772995,0.8800783157348633
-0.12248995155096054,-0.04596877098083496,0.44263505935668945
-0.17289823293685913,-0.21746408939361572,0.02722930908203125
-0.0123674301430583,-0.02013973891735077,1.1094413995742798
0.016669293865561485,0.030317842960357666,1.3522480726242065
0.0708237960934639,0.11109685897827148,1.4217793941497803
0.06298486888408661,0.08888036012649536,1.5221929550170898
-0.08915014564990997,0.06825655698776245,1.2877867221832275
-0.2168116271495819,0.0886913388967514,1.0374362468719482
-0.1255839765071869,0.16051219403743744,0.9560507535934448
0.10796301066875458,-0.03780624270439148,1.2833702564239502
0.2291710078716278,-0.11917378008365631,1.035146713256836
0.23605315387248993,0.005667336285114288,0.9643340110778809
