-9.662657248554751e-06,-2.3899221559986472e-05,0.887589156627655
0.06680361926555634,-0.04214879497885704,0.8890034556388855
0.10992279648780823,-0.11495417356491089,0.5390989780426025
0.0663670003414154,-0.24827569723129272,0.121554434299469
-0.06681065261363983,0.0421273447573185,0.8859798908233643
0.027391262352466583,-0.056542038917541504,0.6337634325027466
-0.08931758999824524,-0.1138007640838623,0.1586703658103943
-0.020076222717761993,0.0069190263748168945,1.0906243324279785
0.0065177567303180695,0.04317361116409302,1.238816499710083
0.11226578056812286,0.06092345714569092,1.2257544994354248
0.07030113786458969,0.08692243695259094,1.2570868730545044
-0.06353075802326202,0.06230476498603821,1.2004152536392212
-0.1924353837966919,0.08521070331335068,0.9857929348945618
-0.17302247881889343,0.14961852133274078,0.952246367931366
0.05923838168382645,-0.015273094177246094,1.2367031574249268
0.18488694727420807,-0.08462254703044891,1.0468299388885498
0.2834002673625946,0.02759929746389389,0.9619913101196289
