-2.7500182113726623e-06,-1.0260231647407636e-05,0.8875294327735901
0.09398676455020905,-0.06658653914928436,0.8979117274284363
0.13638019561767578,-0.15350639820098877,0.4666568636894226
0.05716843903064728,-0.29181426763534546,0.04949921369552612
-0.09398999810218811,0.06657136231660843,0.8770630359649658
-0.11119833588600159,-0.034897685050964355,0.4460117518901825
-0.19261986017227173,-0.20771044492721558,0.03970843553543091
-0.019871048629283905,-0.015037506818771362,1.1216071844100952
0.021658997982740402,0.015780985355377197,1.3698632717132568
0.08637835830450058,0.08737903833389282,1.4362051486968994
0.06731466203927994,0.06451857089996338,1.5393658876419067
-0.07115785032510757,0.07354775071144104,1.3085401058197021
-0.18445399403572083,0.1188221275806427,1.0637518167495728
-0.16221705079078674,0.20602712035179138,1.054170846939087
0.09065976738929749,-0.07514113187789917,1.2982149124145508
0.18872207403182983,-0.1883586198091507,1.05450439453125
0.36058926582336426,-0.1248413622379303,1.0621261596679688
