1.1107135833299253e-06,-1.1974570952588692e-05,0.8875281810760498
0.10372108966112137,-0.0526970811188221,0.8964876532554626
0.11473968625068665,-0.1375797688961029,0.44930487871170044
0.0795024037361145,-0.2837335467338562,0.021800518035888672
-0.10372444987297058,0.05267888307571411,0.8784831762313843
-0.11082398891448975,-0.044017255306243896,0.43181082606315613
-0.14797882735729218,-0.20486187934875488,0.007047057151794434
-0.012293322011828423,-0.0280400812625885,1.1201034784317017
0.022744102403521538,0.028485774993896484,1.3598421812057495
0.08041714131832123,0.1059730052947998,1.4267213344573975
0.07324672490358353,0.08929270505905151,1.5291695594787598
-0.07368627190589905,0.07275944948196411,1.289794683456421
-0.18454349040985107,0.08043870329856873,1.019265055656433
-0.16071155667304993,0.13797128200531006,0.8277381658554077
0.10262306779623032,-0.04309222102165222,1.2829525470733643
0.17783692479133606,-0.13482016324996948,1.011662244796753
0.21489538252353668,-0.058581821620464325,0.8301572799682617
