-2.096378921123687e-06,-1.1076434020651504e-05,0.887528121471405
0.11432488262653351,-0.014650342985987663,0.8917545676231384
0.09541653096675873,-0.09568002820014954,0.44011372327804565
0.06792323291301727,-0.24845600128173828,0.010922789573669434
-0.11432971060276031,0.01463279128074646,0.8832166790962219
-0.14787080883979797,-0.046084433794021606,0.4331737458705902
-0.18297052383422852,-0.195601224899292,0.007971227169036865
0.0005045514553785324,-0.03621068596839905,1.1196190118789673
0.02126951701939106,0.02257111668586731,1.3628108501434326
0.04192408546805382,0.1123725175857544,1.4313035011291504
0.048410382121801376,0.09254664182662964,1.5390808582305908
-0.08810806274414062,0.01973503828048706,1.2940162420272827
-0.20388111472129822,-0.012424811720848083,1.0234620571136475
-0.23402151465415955,0.057850539684295654,0.8098342418670654
0.12423469126224518,-0.0044324398040771484,1.2852249145507812
0.22753214836120605,-0.043927185237407684,1.0145416259765625
0.22471222281455994,0.058527469635009766,0.8423321843147278
