1.1355350579833612e-06,-1.1519463441800326e-05,0.8875268697738647
0.09337411820888519,-0.06295996159315109,0.8976289629936218
0.12550319731235504,-0.1596670150756836,0.46411004662513733
0.05279505252838135,-0.30406373739242554,0.04474157094955444
-0.09337712824344635,0.06294596940279007,0.8773455023765564
-0.11011417210102081,-0.03130638599395752,0.4481257200241089
-0.18993602693080902,-0.2050185203552246,0.04400759935379028
-0.019114900380373,-0.020555034279823303,1.1215622425079346
0.02571229264140129,0.003941982984542847,1.3673748970031738
0.08983903378248215,0.07034212350845337,1.4301013946533203
0.07262858748435974,0.049217820167541504,1.5361645221710205
-0.06302408128976822,0.06468755006790161,1.3032701015472412
-0.14995907247066498,0.11441364884376526,1.0443345308303833
-0.11374737322330475,0.18383869528770447,1.0362008810043335
0.09214020520448685,-0.08420276641845703,1.296026587486267
0.1805701106786728,-0.17458802461624146,1.0460710525512695
0.34416183829307556,-0.09782935678958893,1.0471705198287964
