2.1055575416539796e-07,-1.1602511222008616e-05,0.887528121471405
0.0969858169555664,-0.06434851139783859,0.8989931344985962
0.11403322219848633,-0.1579267382621765,0.45511114597320557
0.047279223799705505,-0.30642473697662354,0.03300642967224121
-0.09698855876922607,0.06433440744876862,0.8759811520576477
-0.11647376418113708,-0.02846747636795044,0.43621689081192017
-0.1926502287387848,-0.20255047082901,0.02868443727493286
-0.017671938985586166,-0.019530892372131348,1.1223701238632202
0.02159065753221512,0.011341869831085205,1.3673583269119263
0.08407464623451233,0.0805213451385498,1.432704210281372
0.06978711485862732,0.05449002981185913,1.5368752479553223
-0.06940100342035294,0.07329735159873962,1.301146388053894
-0.15245172381401062,0.11892390251159668,1.0360170602798462
-0.10663709044456482,0.18195652961730957,1.0397069454193115
0.09268315136432648,-0.07903614640235901,1.297546148300171
0.1837313175201416,-0.18005752563476562,1.0423855781555176
0.3201695680618286,-0.08991700410842896,1.0380316972732544
