-2.8841468520113267e-06,-1.1443746188888326e-05,0.8875287771224976
0.10980288684368134,-4.5905355364084244e-05,0.8902055025100708
0.07926991581916809,-0.08679929375648499,0.4537736177444458
0.04760049283504486,-0.26387786865234375,0.04468953609466553
-0.10980528593063354,3.269826993346214e-05,0.8847696781158447
-0.18697229027748108,-0.04417574405670166,0.45983433723449707
-0.21286988258361816,-0.2194991111755371,0.04882878065109253
-0.0075621940195560455,-0.019428551197052002,1.1200159788131714
-0.022862322628498077,0.03339466452598572,1.3648631572723389
-0.016110479831695557,0.11820048093795776,1.4287214279174805
-0.0076442137360572815,0.09139609336853027,1.532304048538208
-0.12785418331623077,0.009036213159561157,1.2959294319152832
-0.24177880585193634,-0.0243232399225235,1.0444875955581665
-0.32811611890792847,0.11299444735050201,1.0175458192825317
0.08390240371227264,0.016046881675720215,1.294853925704956
0.20825928449630737,-0.029855594038963318,1.0420893430709839
0.264157235622406,0.08470027148723602,1.0473651885986328
