2.4789769668132067e-06,-1.316922134719789e-05,0.8875293731689453
0.09860913455486298,-0.04591859132051468,0.8953745365142822
0.10867743194103241,-0.13724860548973083,0.4460466206073761
0.07628825306892395,-0.2809273600578308,0.01728886365890503
-0.09861300885677338,0.045901019126176834,0.8795971870422363
-0.1103438138961792,-0.04529207944869995,0.43232184648513794
-0.14616836607456207,-0.1991022825241089,0.007782340049743652
-0.012716674245893955,-0.029295355081558228,1.1185407638549805
0.018364550545811653,0.02181515097618103,1.3579246997833252
0.07158489525318146,0.09366005659103394,1.4265928268432617
0.06170928105711937,0.07440096139907837,1.5267095565795898
-0.07390972971916199,0.06173497438430786,1.2886133193969727
-0.18108566105365753,0.07456895709037781,1.0173590183258057
-0.15079054236412048,0.1278831511735916,0.822745144367218
0.09535624086856842,-0.04185563325881958,1.2787456512451172
0.1710551530122757,-0.122530996799469,1.0077778100967407
0.20669464766979218,-0.04454750567674637,0.8265642523765564
