1.8133832782041281e-06,-1.3641856639878824e-05,0.8875288963317871
0.10341648012399673,-0.05639464408159256,0.8955792188644409
0.10301703214645386,-0.1361062228679657,0.44319337606430054
0.06147594749927521,-0.284512996673584,0.01195460557937622
-0.10342035442590714,0.05637766793370247,0.8793915510177612
-0.12309218943119049,-0.029522091150283813,0.431367427110672
-0.16887882351875305,-0.18947988748550415,0.005606234073638916
-0.013346336781978607,-0.02561938762664795,1.119091510772705
0.02141985483467579,0.023612231016159058,1.3631259202957153
0.07478131353855133,0.10148507356643677,1.4369316101074219
0.06708577275276184,0.0794258713722229,1.536017894744873
-0.07353928685188293,0.07425364851951599,1.2937049865722656
-0.1671314835548401,0.09650060534477234,1.02078115940094
-0.10495562851428986,0.14258411526679993,0.8616831302642822
0.10109369456768036,-0.05189234018325806,1.2870084047317505
0.1818835437297821,-0.13739214837551117,1.013594627380371
0.2088114321231842,-0.04019606113433838,0.8553799986839294
