-4.1797320591285825e-06,-1.2601416528923437e-05,0.8875409960746765
0.10712413489818573,-0.04944434016942978,0.8944219350814819
0.1146058738231659,-0.11290925741195679,0.4578344523906708
0.04483100771903992,-0.2635577917098999,0.03615051507949829
-0.10712724924087524,0.04943011701107025,0.8805514574050903
-0.12168841063976288,-0.02397143840789795,0.43986234068870544
-0.18092826008796692,-0.18900138139724731,0.024845659732818604
-0.023848645389080048,-0.02114143967628479,1.1157461404800415
-0.000856596976518631,0.016963660717010498,1.351478934288025
0.04821087047457695,0.09429299831390381,1.4157135486602783
0.03388192132115364,0.0655781626701355,1.5110886096954346
-0.1030799150466919,0.055393069982528687,1.286301851272583
-0.2169867306947708,0.09219230711460114,1.02791428565979
-0.18980887532234192,0.1617828905582428,0.9962341785430908
0.08851009607315063,-0.05387607216835022,1.2828319072723389
0.22192838788032532,-0.13518884778022766,1.0387532711029053
0.3223763108253479,-0.043202340602874756,1.0585873126983643
