1.8180553524871357e-06,-1.0142950486624613e-05,0.5911880135536194
0.053368065506219864,0.12964656949043274,0.5810720324516296
-0.3140484690666199,0.21373042464256287,0.4498221278190613
-0.130698099732399,0.03396490216255188,0.08976775407791138
-0.053370166569948196,-0.12965229153633118,0.6012312173843384
-0.35250240564346313,-0.03319266438484192,0.4216490685939789
-0.0944255143404007,-0.14242511987686157,0.050153255462646484
0.03536252677440643,-0.015021175146102905,0.8118758201599121
0.020195625722408295,-0.00400426983833313,1.0622127056121826
-0.015394918620586395,0.016476988792419434,1.150733232498169
0.04965324327349663,-0.021218061447143555,1.2120234966278076
-0.02727292850613594,-0.12529990077018738,1.0051952600479126
-0.08818144351243973,-0.17757974565029144,0.7522181272506714
-0.21687452495098114,-0.13485130667686462,0.6461610794067383
0.06100771948695183,0.12107551097869873,1.0068690776824951
-0.08102822303771973,0.2653399109840393,0.8142227530479431
-0.1342298686504364,0.1881217062473297,1.0035334825515747
