-6.427194421121385e-07,-9.68375570664648e-06,0.5911868810653687
0.04485803097486496,0.13023115694522858,0.580474853515625
-0.31176307797431946,0.19019673764705658,0.46083658933639526
-0.13301172852516174,0.009496688842773438,0.09668958187103271
-0.044862277805805206,-0.1302405744791031,0.6018308401107788
-0.36219102144241333,-0.03932449221611023,0.425706148147583
-0.10215459764003754,-0.13791978359222412,0.045377254486083984
0.029693078249692917,-0.002408817410469055,0.815207302570343
0.011313124559819698,0.0073406994342803955,1.0654351711273193
-0.012183547019958496,0.02512425184249878,1.1665751934051514
0.055417612195014954,-0.015966355800628662,1.2164626121520996
-0.027086220681667328,-0.11342477798461914,1.0011570453643799
-0.07876011729240417,-0.15301544964313507,0.7432316541671753
-0.23676875233650208,-0.1074296087026596,0.6331489086151123
0.04092899709939957,0.13562679290771484,1.0169187784194946
-0.16382333636283875,0.28296512365341187,0.896949052810669
-0.17541944980621338,0.20170524716377258,1.0902434587478638
