3.593655492295511e-06,-9.774903446668759e-06,0.5911847949028015
0.049975596368312836,0.1314605474472046,0.5805178880691528
-0.32168909907341003,0.21395620703697205,0.4522503912448883
-0.13306668400764465,0.027003735303878784,0.09649434685707092
-0.04997773468494415,-0.13146893680095673,0.6017842292785645
-0.36006686091423035,-0.023825660347938538,0.4266684055328369
-0.12177680432796478,-0.14165562391281128,0.04333728551864624
0.03424462676048279,-0.01241949200630188,0.8134278655052185
0.01138258259743452,0.009894579648971558,1.0651335716247559
-0.03374483436346054,0.03448760509490967,1.149870753288269
0.023606732487678528,0.009794056415557861,1.2176733016967773
-0.028035886585712433,-0.11866828799247742,1.0153698921203613
-0.09962132573127747,-0.18087238073349,0.7711395621299744
-0.23880526423454285,-0.13495534658432007,0.6925104856491089
0.050535283982753754,0.13382655382156372,1.002302885055542
-0.04607979953289032,0.26024332642555237,0.781147837638855
-0.18083420395851135,0.22040092945098877,0.9348480105400085
