-7.106086741259787e-07,-7.624912541359663e-06,0.5911832451820374
0.04373491555452347,0.13138827681541443,0.5779238939285278
-0.32795026898384094,0.20280466973781586,0.4495038390159607
-0.13343964517116547,0.0032961368560791016,0.1087261438369751
-0.04373813048005104,-0.13139641284942627,0.6043779850006104
-0.3559187054634094,-0.015621528029441833,0.4326822757720947
-0.12275765836238861,-0.1284337043762207,0.049936771392822266
0.025299524888396263,-0.0012387633323669434,0.8158025741577148
0.001917719841003418,0.030560404062271118,1.0668988227844238
-0.05634021759033203,0.04702639579772949,1.1549497842788696
0.017366785556077957,0.029705286026000977,1.2305443286895752
-0.03161482885479927,-0.09974285960197449,1.0156505107879639
-0.09613975882530212,-0.15879091620445251,0.7680550217628479
-0.2528611719608307,-0.12838946282863617,0.6413894295692444
0.03711278736591339,0.1556919813156128,0.99297034740448
-0.03339359164237976,0.2717491388320923,0.7534752488136292
-0.21266445517539978,0.2952724099159241,0.8277666568756104
