2.469082573952619e-06,-8.811066436464898e-06,0.5911813974380493
0.04938654974102974,0.1294996738433838,0.5804136991500854
-0.3220350742340088,0.21261101961135864,0.42708128690719604
-0.12855549156665802,0.015356630086898804,0.08927953243255615
-0.0493888258934021,-0.1295054405927658,0.6018877029418945
-0.3498576879501343,-0.025905609130859375,0.4294525682926178
-0.12005089968442917,-0.13307392597198486,0.05281829833984375
0.012666117399930954,-0.005715861916542053,0.817460298538208
-0.03310375660657883,0.04184398055076599,1.063443660736084
-0.11236855387687683,0.06637626886367798,1.1296396255493164
-0.061283230781555176,0.06508129835128784,1.2248482704162598
-0.06471270322799683,-0.09189635515213013,1.0190365314483643
-0.12329810857772827,-0.17219987511634827,0.7868139743804932
-0.2641667127609253,-0.12506991624832153,0.70902419090271
0.0119546577334404,0.16070997714996338,0.9865117073059082
-0.03671702742576599,0.2738471031188965,0.7437150478363037
-0.243480384349823,0.27379727363586426,0.7883532047271729
