8.183278623619117e-07,-1.323124160990119e-05,0.59119713306427
0.04518264904618263,0.12719470262527466,0.5801663994789124
-0.30604827404022217,0.1971641629934311,0.4378545582294464
-0.14482106268405914,0.03953436017036438,0.06721615791320801
-0.04518536478281021,-0.1272025853395462,0.6021403074264526
-0.34982702136039734,-0.05594366788864136,0.3969455659389496
-0.07914623618125916,-0.15830308198928833,0.02805495262145996
0.03789038211107254,-0.007693365216255188,0.8126387596130371
0.03184754028916359,-0.023048758506774902,1.0469589233398438
0.036032535135746,-0.009347200393676758,1.1362130641937256
0.0817481130361557,-0.05873703956604004,1.174609899520874
-0.016481485217809677,-0.12760722637176514,0.9818437099456787
-0.07733476907014847,-0.16952568292617798,0.7229804396629333
-0.22353588044643402,-0.09883522242307663,0.6364960074424744
0.06757228821516037,0.09786438941955566,1.0170823335647583
-0.13262461125850677,0.2641748785972595,0.9530125856399536
-0.08250516653060913,0.1655735969543457,1.12380051612854
