-1.7580532585270703e-07,-9.143288480117917e-06,0.5911858677864075
0.04648638516664505,0.13107578456401825,0.5804246664047241
-0.31570965051651,0.1985321044921875,0.4520990252494812
-0.1314316838979721,0.01124158501625061,0.09664222598075867
-0.0464906170964241,-0.13108471035957336,0.6018803715705872
-0.3617064952850342,-0.03351563215255737,0.4264467656612396
-0.10510241985321045,-0.13784021139144897,0.049620866775512695
0.02760320156812668,-0.0031772851943969727,0.815260112285614
0.005461912602186203,0.010566532611846924,1.06606125831604
-0.02685149759054184,0.029345452785491943,1.1645739078521729
0.04227154701948166,-0.01032787561416626,1.2195923328399658
-0.03366868570446968,-0.111967533826828,1.0035041570663452
-0.0868661031126976,-0.15294215083122253,0.7461720705032349
-0.24819257855415344,-0.10352344810962677,0.638664960861206
0.03782585263252258,0.13775119185447693,1.0147778987884521
-0.1504991054534912,0.2835347056388855,0.8814966082572937
-0.17772677540779114,0.20848870277404785,1.068860650062561
