8.043261914281175e-07,-8.143422746798024e-06,0.5911818742752075
0.047071970999240875,0.1312848925590515,0.5789752006530762
-0.32216277718544006,0.20291826128959656,0.4378049671649933
-0.11891527473926544,0.0032064616680145264,0.09820720553398132
-0.047074493020772934,-0.13129274547100067,0.6033266186714172
-0.35596317052841187,-0.013446271419525146,0.42445996403694153
-0.12270691245794296,-0.13527631759643555,0.04682052135467529
0.017900047823786736,0.0005406439304351807,0.815518319606781
-0.013374879956245422,0.03775188326835632,1.06671941280365
-0.07232998311519623,0.05746537446975708,1.1530749797821045
-0.00015391409397125244,0.036311209201812744,1.2303402423858643
-0.04604313522577286,-0.09422051906585693,1.0183734893798828
-0.07560350000858307,-0.16827848553657532,0.7746824622154236
-0.22712324559688568,-0.14743924140930176,0.6610016822814941
0.026381313800811768,0.1598404049873352,0.9902200698852539
-0.025772303342819214,0.2671959400177002,0.7448054552078247
-0.21274682879447937,0.28649574518203735,0.8118995428085327
