3.844941147690406e-07,-7.934535460663028e-06,0.5911813378334045
0.040581490844488144,0.13234934210777283,0.5800989866256714
-0.33875811100006104,0.19953137636184692,0.43877166509628296
-0.14699508249759674,-0.001069188117980957,0.10370177030563354
-0.040584318339824677,-0.13235542178153992,0.6022024154663086
-0.35130536556243896,-0.02333897352218628,0.4268355071544647
-0.12760159373283386,-0.14173376560211182,0.0478978157043457
0.02174663171172142,-0.002948358654975891,0.8150889873504639
-0.008311964571475983,0.04067990183830261,1.0646415948867798
-0.07958321273326874,0.06280142068862915,1.1392337083816528
-0.017559651285409927,0.06111311912536621,1.2297812700271606
-0.03385253623127937,-0.09508505463600159,1.0193102359771729
-0.09089536964893341,-0.17368923127651215,0.7840099334716797
-0.23549357056617737,-0.13943850994110107,0.712982177734375
0.02501809224486351,0.16273832321166992,0.9853112697601318
-0.02355632185935974,0.269252747297287,0.7402535676956177
-0.22334420680999756,0.2847762107849121,0.7825946807861328
