-3.4323238651268184e-07,-9.112256520893425e-06,0.5911876559257507
0.044591061770915985,0.12886375188827515,0.5800265669822693
-0.30550795793533325,0.1984025239944458,0.45741599798202515
-0.13727673888206482,0.004591405391693115,0.09724730253219604
-0.04459505155682564,-0.12887528538703918,0.6022791862487793
-0.3655567169189453,-0.04152122139930725,0.4180203080177307
-0.09836108982563019,-0.1228523850440979,0.04442018270492554
0.027200592681765556,-0.0019578486680984497,0.8172643184661865
0.010360201820731163,0.004035592079162598,1.0669161081314087
-0.02373717725276947,0.02152383327484131,1.1609344482421875
0.03221211954951286,-0.015383541584014893,1.2197940349578857
-0.032027799636125565,-0.11307722330093384,1.0009480714797974
-0.10340972989797592,-0.1414182186126709,0.7513503432273865
-0.2581132650375366,-0.03602875769138336,0.6556708216667175
0.0427933931350708,0.13216018676757812,1.024507761001587
-0.15700480341911316,0.3005651831626892,0.9255570769309998
-0.1414799988269806,0.20993143320083618,1.1103101968765259
