1.3486287571140565e-06,-8.08909499028232e-06,0.5911810398101807
0.04992590844631195,0.1290702521800995,0.5801092386245728
-0.32401043176651,0.22318413853645325,0.4351450800895691
-0.13438306748867035,0.01905164122581482,0.09522324800491333
-0.049927450716495514,-0.1290763020515442,0.6021920442581177
-0.343805193901062,-0.016224220395088196,0.4423835277557373
-0.11373032629489899,-0.11881718039512634,0.05766737461090088
0.020873095840215683,-0.008494481444358826,0.8160330057144165
-0.0055856481194496155,0.0429997444152832,1.0626428127288818
-0.07751870155334473,0.07040071487426758,1.1304006576538086
-0.022467494010925293,0.06806492805480957,1.2237218618392944
-0.04222686588764191,-0.08910408616065979,1.0228629112243652
-0.11879754066467285,-0.17166805267333984,0.7978476285934448
-0.2528488337993622,-0.10301633179187775,0.759782075881958
0.037296295166015625,0.1594448685646057,0.9810932874679565
-0.01585984230041504,0.2742082476615906,0.7383979558944702
-0.22175318002700806,0.2748751640319824,0.789640486240387
