-7.28960003471002e-07,-9.470009899814613e-06,0.5911865830421448
0.04497220739722252,0.13066071271896362,0.5804076790809631
-0.31471794843673706,0.19107410311698914,0.45544153451919556
-0.13412337005138397,0.009701550006866455,0.09412974119186401
-0.04497639834880829,-0.13067014515399933,0.6018980145454407
-0.3608168959617615,-0.0379653126001358,0.42479193210601807
-0.10345639288425446,-0.13930052518844604,0.04514652490615845
0.028140839189291,-0.002512037754058838,0.815460741519928
0.00846848078072071,0.009509682655334473,1.0660879611968994
-0.017522059381008148,0.027453958988189697,1.1667637825012207
0.04943053424358368,-0.012730717658996582,1.217980980873108
-0.029576390981674194,-0.11205413937568665,1.0032843351364136
-0.07949402928352356,-0.15417833626270294,0.7454884052276611
-0.2393847405910492,-0.10706508159637451,0.6408520936965942
0.03847404941916466,0.13748890161514282,1.0161545276641846
-0.1611659824848175,0.2830258011817932,0.8912496566772461
-0.17716282606124878,0.2032800316810608,1.0810520648956299
