1.3560938896262087e-06,-7.917213224573061e-06,0.5911814570426941
0.040673039853572845,0.1321745216846466,0.5804239511489868
-0.3363797664642334,0.20150014758110046,0.4353610873222351
-0.14215537905693054,0.0018754005432128906,0.0996425449848175
-0.04067586362361908,-0.13218091428279877,0.6018780469894409
-0.3534861207008362,-0.019162103533744812,0.4241265058517456
-0.12983658909797668,-0.13882869482040405,0.0447385311126709
0.02251424640417099,-0.0033433139324188232,0.8156257271766663
-0.008970141410827637,0.03812086582183838,1.0653550624847412
-0.07746647298336029,0.06006103754043579,1.13974928855896
-0.01648503914475441,0.056668221950531006,1.2302314043045044
-0.034064263105392456,-0.09646159410476685,1.0200858116149902
-0.08804206550121307,-0.1724882423877716,0.7831068634986877
-0.23391157388687134,-0.14105534553527832,0.706676721572876
0.023763537406921387,0.1601889431476593,0.9872076511383057
-0.029189884662628174,0.2702360451221466,0.7430907487869263
-0.2330530285835266,0.28511330485343933,0.7836157083511353
