8.747561878408305e-06,-2.974276867462322e-05,0.8607675433158875
0.04153500497341156,0.04372710362076759,0.8592770099639893
0.03632121533155441,-0.06320735812187195,0.4235146641731262
0.08410698175430298,-0.2296639084815979,0.033732831478118896
-0.041541434824466705,-0.0437505766749382,0.8620812892913818
-0.1125689297914505,-0.059953659772872925,0.4374491274356842
-0.172844797372818,-0.15569764375686646,0.06477272510528564
0.011770129203796387,0.002295359969139099,1.079467535018921
-0.0037004705518484116,-0.008066743612289429,1.231331467628479
-0.07854011654853821,0.013178259134292603,1.2391891479492188
-0.00020164670422673225,-0.043380290269851685,1.2555912733078003
-0.03462185710668564,-0.055190861225128174,1.2108728885650635
-0.08937770128250122,-0.13045445084571838,1.0290718078613281
-0.15101531147956848,-0.1052120104432106,0.834804117679596
0.03629289194941521,0.02885165810585022,1.1889744997024536
0.08002293854951859,0.08013827353715897,1.0020391941070557
-0.00029785558581352234,0.14472270011901855,0.9426084756851196
