-6.331229087663814e-07,-3.0436029192060232e-05,0.860792875289917
0.02882564440369606,0.043071210384368896,0.8545099496841431
-0.07269369065761566,-0.04795557260513306,0.4533177316188812
-0.04907810315489769,-0.16459763050079346,0.04396730661392212
-0.02883319929242134,-0.04308822751045227,0.8668527007102966
-0.012709371745586395,-0.12939542531967163,0.4722536504268646
-0.006521411240100861,-0.2366257905960083,0.07033419609069824
0.025402750819921494,-0.002994135022163391,1.0665252208709717
0.03932378441095352,-0.035804152488708496,1.185455560684204
0.010939661413431168,0.0015214383602142334,1.1371971368789673
-0.020567595958709717,-0.012761294841766357,1.1688849925994873
0.017883606255054474,-0.06931604444980621,1.1605308055877686
-0.06960607320070267,-0.10638256371021271,0.9334059953689575
-0.09325496852397919,-0.09449373930692673,0.7161133289337158
0.05349206179380417,-0.0050878822803497314,1.166300892829895
0.07997710257768631,0.0679195374250412,0.9008772969245911
0.012696970254182816,0.12104351818561554,0.8153923749923706
