-1.0487633517186623e-06,-9.990646503865719e-06,0.9420214891433716
0.13110336661338806,-0.02760310098528862,0.9526141285896301
0.10229460895061493,-0.08906710147857666,0.47284358739852905
0.09626504778862,-0.25850534439086914,0.043892502784729004
-0.13110418617725372,0.027591634541749954,0.9313470721244812
-0.14772938191890717,-0.016588538885116577,0.45331040024757385
-0.14582496881484985,-0.14349967241287231,0.009434342384338379
-0.015807904303073883,-0.07984298467636108,1.187269926071167
-0.004226841032505035,-0.06469473242759705,1.444676160812378
0.025518031790852547,0.006893754005432129,1.533852458000183
0.01808798871934414,-0.050458669662475586,1.6228275299072266
-0.12378421425819397,-0.029853016138076782,1.380944013595581
-0.2552470266819,0.10180428624153137,1.1800386905670166
-0.12530553340911865,0.18006011843681335,1.2691200971603394
0.11280085146427155,-0.08292677998542786,1.373724102973938
0.2146073579788208,-0.0030429065227508545,1.1258679628372192
0.07781581580638885,0.15328121185302734,1.192394733428955
