-2.357591256441083e-06,-1.0028703400166705e-05,0.9420251250267029
0.11686593294143677,-0.033814311027526855,0.9552125334739685
0.08795277774333954,-0.07159149646759033,0.47236597537994385
0.037965014576911926,-0.2019059658050537,0.030391693115234375
-0.1168658435344696,0.03380433842539787,0.9287527203559875
-0.16749098896980286,0.0234544575214386,0.45248132944107056
-0.29273366928100586,-0.08908045291900635,0.02930396795272827
-0.023377740755677223,-0.04699912667274475,1.190869927406311
-0.05637676268815994,-0.0068180859088897705,1.4354103803634644
-0.05639994144439697,0.06888312101364136,1.5036410093307495
-0.07374419271945953,0.021643102169036865,1.601245403289795
-0.13829681277275085,0.02333405613899231,1.3434609174728394
-0.11134612560272217,0.112173892557621,1.073943018913269
-0.0516916960477829,0.12489718198776245,1.2376984357833862
0.04699144512414932,-0.03791677951812744,1.387109398841858
0.16139796376228333,-0.006949320435523987,1.144654631614685
0.04725365340709686,0.08437800407409668,1.2460135221481323
