1.1174620340170804e-06,-8.487404556944966e-06,0.9420198798179626
0.10938630998134613,-0.054112933576107025,0.950983464717865
0.1429137885570526,-0.0829794704914093,0.4734167754650116
0.16880548000335693,-0.21845495700836182,0.030647993087768555
-0.10938926041126251,0.054101455956697464,0.9329827427864075
-0.1255050003528595,0.017876029014587402,0.45257699489593506
-0.16084130108356476,-0.11893737316131592,0.011373758316040039
-0.012154274620115757,-0.05704431235790253,1.1907286643981934
0.06475256383419037,-0.0670379102230072,1.4233124256134033
0.11831136047840118,0.0010971426963806152,1.4886627197265625
0.12225015461444855,-0.043912529945373535,1.5860235691070557
-0.02019505202770233,0.00858810544013977,1.3925154209136963
-0.007051356136798859,0.1663569062948227,1.1699413061141968
0.1453249305486679,0.08294790983200073,1.2358697652816772
0.13382881879806519,-0.11841216683387756,1.3208409547805786
0.19117051362991333,-0.04916316270828247,1.0369623899459839
0.177801251411438,0.07214885950088501,1.1889312267303467
