-2.9204470592958387e-06,-8.588482160121202e-06,0.942019522190094
0.11675204336643219,-0.020021293312311172,0.9559751749038696
0.09645141661167145,-0.05479395389556885,0.47721678018569946
0.05980519950389862,-0.18743234872817993,0.03421425819396973
-0.11675313860177994,0.02000894770026207,0.9279891848564148
-0.1799321174621582,0.008170336484909058,0.45467203855514526
-0.26822513341903687,-0.09448730945587158,0.01254957914352417
-0.020262906327843666,-0.04716622829437256,1.1911908388137817
-0.06775807589292526,-0.016997486352920532,1.4335201978683472
-0.05802573263645172,0.06080448627471924,1.4992191791534424
-0.07071821391582489,0.023527085781097412,1.6002247333526611
-0.15342189371585846,-0.007387369871139526,1.336855411529541
-0.1909978687763214,0.07769005000591278,1.0644129514694214
-0.13030579686164856,0.15713047981262207,1.2059776782989502
0.03491819277405739,-0.01893758773803711,1.3909025192260742
0.08061954379081726,0.08853809535503387,1.1547138690948486
-0.0680127739906311,0.12971094250679016,1.2801787853240967
