-8.536826499039307e-07,-1.0135547199752182e-05,0.9420274496078491
0.10660655051469803,-0.06403612345457077,0.9554741382598877
0.11325636506080627,-0.10589483380317688,0.4733729064464569
0.058198586106300354,-0.21455514430999756,0.031226634979248047
-0.10660837590694427,0.06402353942394257,0.9284911155700684
-0.09299562126398087,0.042494893074035645,0.4475468397140503
-0.2530127763748169,-0.06658679246902466,0.03333568572998047
-0.045907095074653625,-0.05210712552070618,1.1867374181747437
-0.034248970448970795,-0.03860914707183838,1.438997507095337
-0.014757785946130753,0.04164785146713257,1.5164505243301392
-0.030414115637540817,-0.003916382789611816,1.6124584674835205
-0.1103195995092392,0.03744244575500488,1.368898868560791
-0.032236531376838684,0.15874388813972473,1.1160229444503784
0.10529915988445282,0.0837382972240448,1.2465016841888428
0.05966590344905853,-0.10265737771987915,1.3671399354934692
0.23109516501426697,-0.06121283769607544,1.1439815759658813
0.19658425450325012,0.0833742618560791,1.2977542877197266
