2.1718487914768048e-06,-1.0102132364409044e-05,0.9420262575149536
0.10429653525352478,-0.06505942344665527,0.9549928307533264
0.1164901852607727,-0.10207036137580872,0.46985340118408203
0.09302458167076111,-0.23428654670715332,0.03140383958816528
-0.10429965704679489,0.06504509598016739,0.9289728403091431
-0.11176824569702148,0.03778800368309021,0.44651031494140625
-0.18083293735980988,-0.07735055685043335,0.007059574127197266
-0.03885306417942047,-0.05373360216617584,1.1878831386566162
0.006288936361670494,-0.06309112906455994,1.4317265748977661
0.045779820531606674,0.016323089599609375,1.5073052644729614
0.031181398779153824,-0.025364696979522705,1.6064012050628662
-0.06873094290494919,0.016357243061065674,1.3868634700775146
-0.004644922912120819,0.13905595242977142,1.1634465456008911
0.12435492128133774,0.05883270502090454,1.2375054359436035
0.08398251235485077,-0.1264742910861969,1.3383934497833252
0.2034536898136139,-0.09119478613138199,1.0670280456542969
0.23721656203269958,0.056093037128448486,1.185311198234558
