-2.645224412844982e-06,-9.063584002433345e-06,0.9420254826545715
0.12335770577192307,-0.027156788855791092,0.9537868499755859
0.13291922211647034,-0.04699981212615967,0.4719879627227783
0.1878884732723236,-0.20348626375198364,0.03581547737121582
-0.12335753440856934,0.027149302884936333,0.9301779270172119
-0.1352190226316452,-0.012559741735458374,0.4457594156265259
-0.1525583118200302,-0.14605093002319336,0.011280953884124756
-0.005855906754732132,-0.06782166659832001,1.1880385875701904
0.048907823860645294,-0.07054689526557922,1.4273313283920288
0.09889255464076996,-0.005603909492492676,1.4963799715042114
0.1085498258471489,-0.04767817258834839,1.5937318801879883
-0.053490642458200455,-0.02568170428276062,1.3878388404846191
-0.11889436841011047,0.12262293696403503,1.1776866912841797
0.025812849402427673,0.13040947914123535,1.2779256105422974
0.1346561461687088,-0.09516343474388123,1.3341745138168335
0.18649104237556458,-0.013538986444473267,1.0560444593429565
0.10641908645629883,0.08973035216331482,1.2188374996185303
