-2.8756039682775736e-07,-1.0271302016917616e-05,0.9420218467712402
0.12289249897003174,-0.04511749744415283,0.9551281929016113
0.08981895446777344,-0.08766210079193115,0.47592413425445557
0.05302789807319641,-0.20826947689056396,0.028091728687286377
-0.12289252877235413,0.045107729732990265,0.9288354516029358
-0.15745943784713745,0.01080775260925293,0.4513944387435913
-0.222894549369812,-0.09341198205947876,0.008023500442504883
-0.025649908930063248,-0.05603140592575073,1.190233588218689
-0.0455683097243309,-0.02991470694541931,1.4391465187072754
-0.032795995473861694,0.04143470525741577,1.5195425748825073
-0.052820488810539246,-0.015269219875335693,1.6078747510910034
-0.1371695101261139,0.013511091470718384,1.3467473983764648
-0.12533444166183472,0.09798499941825867,1.0887101888656616
-0.030444689095020294,0.09351837635040283,1.205845594406128
0.07044491171836853,-0.07023102045059204,1.3978160619735718
0.25342655181884766,-0.022381186485290527,1.1952577829360962
0.15036340057849884,0.15310242772102356,1.2818949222564697
