2.450562533340417e-06,-1.0314910468878224e-05,0.9420245885848999
0.10913065075874329,-0.0697314590215683,0.9554511904716492
0.09089836478233337,-0.10684534907341003,0.469814658164978
0.03791521489620209,-0.19926685094833374,0.022906482219696045
-0.10913337767124176,0.06971929967403412,0.9285141229629517
-0.1179032176733017,0.045793741941452026,0.4538959264755249
-0.25478649139404297,-0.05757254362106323,0.030092477798461914
-0.05221405625343323,-0.05780380964279175,1.1886943578720093
-0.027869150042533875,-0.06574377417564392,1.4417442083358765
0.0002962052822113037,0.007840752601623535,1.5259592533111572
-0.022100994363427162,-0.03911489248275757,1.6168591976165771
-0.10117575526237488,0.018628567457199097,1.3871768712997437
-0.018058083951473236,0.13493087887763977,1.1543747186660767
0.10943560302257538,0.044573962688446045,1.2540102005004883
0.062006875872612,-0.13534361124038696,1.3614318370819092
0.25242507457733154,-0.13032016158103943,1.129799246788025
0.26511114835739136,0.04222550988197327,1.2614903450012207
