2.0088896235392895e-06,-1.0604322596918792e-05,0.942025899887085
0.10793441534042358,-0.05259047448635101,0.9498811960220337
0.12472952902317047,-0.09298142790794373,0.46707776188850403
0.09973379969596863,-0.2279360294342041,0.028086423873901367
-0.10793805867433548,0.052575983107089996,0.9340830445289612
-0.11633916199207306,0.02153882384300232,0.4527461528778076
-0.22253942489624023,-0.1275920867919922,0.03238093852996826
-0.009713742882013321,-0.044459521770477295,1.1934278011322021
0.06835371255874634,-0.04694250226020813,1.427982211112976
0.10788290202617645,0.03855925798416138,1.5020971298217773
0.09928540885448456,-0.008072376251220703,1.604395866394043
-0.01743851602077484,0.017713576555252075,1.3899177312850952
0.02946704812347889,0.11810743808746338,1.1648197174072266
0.16061726212501526,0.0095997154712677,1.2518430948257446
0.14158065617084503,-0.0999753475189209,1.3299856185913086
0.20061230659484863,-0.053458694368600845,1.0439069271087646
0.20635470747947693,0.052568450570106506,1.178775429725647
