-1.6899366528377868e-06,-1.0800911695696414e-05,0.9420281648635864
0.10864768922328949,-0.04551797732710838,0.9550803899765015
0.10404686629772186,-0.08129242062568665,0.47106829285621643
0.0753650814294815,-0.21110916137695312,0.02736973762512207
-0.108647920191288,0.04550699144601822,0.9288835525512695
-0.130746990442276,0.008952051401138306,0.44954583048820496
-0.28616997599601746,-0.07987451553344727,0.03243488073348999
-0.02653340995311737,-0.053526803851127625,1.1888909339904785
-0.05598185956478119,-0.020783305168151855,1.4381775856018066
-0.04698890447616577,0.05100536346435547,1.5137593746185303
-0.07080098986625671,0.006824314594268799,1.607628583908081
-0.13378649950027466,0.021924138069152832,1.3479310274124146
-0.09476038813591003,0.1098823994398117,1.0834952592849731
-0.02509540319442749,0.0947396457195282,1.2342593669891357
0.04653184860944748,-0.06220903992652893,1.3937163352966309
0.1965051293373108,-0.02568170428276062,1.1774200201034546
0.0855334997177124,0.07612621784210205,1.3093960285186768
