-5.690244506695308e-07,-1.0916293831542134e-05,0.9420256614685059
0.12474918365478516,0.018150094896554947,0.9463428258895874
0.07742129266262054,0.03826358914375305,0.47356846928596497
0.1808105707168579,-0.19614744186401367,0.08511710166931152
-0.1247495710849762,-0.018161652609705925,0.9376212358474731
-0.17391833662986755,-0.031720638275146484,0.45955905318260193
-0.16442972421646118,-0.15856146812438965,0.018818974494934082
0.025111600756645203,-0.06747071444988251,1.1896263360977173
0.021512232720851898,-0.06351801753044128,1.4382734298706055
0.04791198670864105,0.012070834636688232,1.5210270881652832
0.05746350437402725,-0.039413511753082275,1.6112706661224365
-0.08449136465787888,-0.08118757605552673,1.3616516590118408
-0.2010483741760254,-0.015370935201644897,1.1263031959533691
-0.15457500517368317,0.08566460013389587,1.2409319877624512
0.12191621959209442,-0.030198901891708374,1.3797264099121094
0.09199675172567368,0.11902451515197754,1.1443419456481934
-0.05499336123466492,0.10942348837852478,1.3028937578201294
