-1.9281897039036267e-06,-9.462386515224352e-06,0.9420244693756104
0.12346085906028748,0.006074446253478527,0.9495146870613098
0.1048019677400589,0.00911220908164978,0.4703466594219208
0.1750209927558899,-0.21648246049880981,0.07280683517456055
-0.12346084415912628,-0.00608594436198473,0.9344499111175537
-0.171819269657135,-0.03826829791069031,0.45653626322746277
-0.1764042228460312,-0.16838252544403076,0.013960421085357666
0.003072774037718773,-0.06438189744949341,1.1881651878356934
-0.024974212050437927,-0.04737618565559387,1.437051773071289
-0.0028855260461568832,0.02457249164581299,1.517409086227417
0.006364571396261454,-0.022621870040893555,1.610365867614746
-0.12119995802640915,-0.05860358476638794,1.351893424987793
-0.19900983572006226,0.01508253812789917,1.096134901046753
-0.1382286697626114,0.12034109234809875,1.2242190837860107
0.07721011340618134,-0.02430364489555359,1.3802297115325928
0.07898804545402527,0.10199129581451416,1.1273690462112427
-0.07125185430049896,0.11867225170135498,1.2716323137283325
