-5.205318302614614e-06,-6.459271389758214e-06,0.9420190453529358
0.1179710328578949,-0.035604629665613174,0.9506839513778687
0.07028228044509888,-0.08383074402809143,0.4734513759613037
0.023298919200897217,-0.21631020307540894,0.034462571144104004
-0.11797186732292175,0.035596393048763275,0.933280348777771
-0.18033431470394135,0.050999581813812256,0.4590912461280823
-0.26926618814468384,-0.03970456123352051,0.02471292018890381
-0.010819744318723679,-0.05329403281211853,1.1923044919967651
-0.024689972400665283,-0.026188194751739502,1.4417393207550049
-0.015699122101068497,0.04702270030975342,1.5175909996032715
-0.03647170215845108,-0.007010936737060547,1.610518455505371
-0.11549362540245056,0.007003337144851685,1.3519514799118042
-0.11059829592704773,0.10111744701862335,1.0882678031921387
-0.018210239708423615,0.12187093496322632,1.2189912796020508
0.0874064713716507,-0.05368223786354065,1.395639181137085
0.2557234764099121,0.0061150044202804565,1.1989127397537231
0.1319996416568756,0.16351228952407837,1.273337483406067
