-2.017875885940157e-06,-7.906091923359782e-06,0.9420197010040283
0.1066514253616333,-0.0666833445429802,0.9496744275093079
0.11020351946353912,-0.10639247298240662,0.4666651785373688
0.0868605375289917,-0.24416542053222656,0.02426612377166748
-0.1066557914018631,0.06667058914899826,0.9342904090881348
-0.11745785176753998,0.053110718727111816,0.4498424828052521
-0.16556572914123535,-0.06122696399688721,0.007371485233306885
-0.017165035009384155,-0.06391790509223938,1.1925415992736816
0.07323840260505676,-0.09943842887878418,1.4192863702774048
0.12968502938747406,-0.03258216381072998,1.492942452430725
0.12914514541625977,-0.089527428150177,1.5892362594604492
-0.012257762253284454,-0.010006904602050781,1.3986973762512207
-0.023077182471752167,0.16118820011615753,1.188080072402954
0.14582571387290955,0.09416645765304565,1.1875479221343994
0.13581569492816925,-0.15839749574661255,1.30389404296875
0.19476595520973206,-0.11330889165401459,1.0168118476867676
0.2336549311876297,0.009691961109638214,1.0796029567718506
