7.247554094647057e-07,-1.018349576042965e-05,0.9420222640037537
0.12954016029834747,-0.0403672531247139,0.9545004963874817
0.10683736205101013,-0.10197985172271729,0.47220170497894287
0.07965859770774841,-0.2409793734550476,0.03609108924865723
-0.1295408010482788,0.04035787656903267,0.9294629096984863
-0.14092527329921722,-0.01706904172897339,0.45002037286758423
-0.1574704796075821,-0.14353251457214355,0.008147239685058594
-0.02895173989236355,-0.07061068713665009,1.18929123878479
0.009260136634111404,-0.07053175568580627,1.4391846656799316
0.03604194149374962,0.006337583065032959,1.5236599445343018
0.03192075341939926,-0.0535736083984375,1.6178553104400635
-0.11241315305233002,-0.014744490385055542,1.4037598371505737
-0.2735094428062439,0.1463819146156311,1.2667449712753296
-0.08017337322235107,0.2272479236125946,1.231598138809204
0.11246415972709656,-0.11018931865692139,1.3460108041763306
0.19723087549209595,-0.0908062756061554,1.0760784149169922
0.16406157612800598,0.06374210864305496,1.0809252262115479
