-9.232230695488397e-07,-1.1150270438520238e-05,0.9420299530029297
0.10663558542728424,-0.06624726951122284,0.9564687013626099
0.11578601598739624,-0.10207009315490723,0.4703362286090851
0.07811513543128967,-0.21189814805984497,0.024891376495361328
-0.10663817822933197,0.06623411178588867,0.9274962544441223
-0.09092790633440018,0.03962025046348572,0.44604387879371643
-0.248308464884758,-0.05337655544281006,0.02495276927947998
-0.05185633525252342,-0.05414178967475891,1.1840168237686157
-0.05056144297122955,-0.047927916049957275,1.4352607727050781
-0.03064689040184021,0.026910245418548584,1.5141665935516357
-0.05053533986210823,-0.015006065368652344,1.6064298152923584
-0.12386137247085571,0.0299493670463562,1.3638790845870972
-0.04159104824066162,0.14903607964515686,1.1125420331954956
0.08673419803380966,0.07814061641693115,1.2483949661254883
0.04552386701107025,-0.1144360601902008,1.3710005283355713
0.23907199501991272,-0.08597932755947113,1.1573901176452637
0.22337660193443298,0.07280164957046509,1.2921538352966309
