-2.155205947929062e-06,-8.953909855335951e-06,0.9420292377471924
0.12690553069114685,-0.022051572799682617,0.9497104287147522
0.10507288575172424,-0.028056979179382324,0.4723271429538727
0.17230629920959473,-0.245225727558136,0.060184478759765625
-0.12690670788288116,0.02204066701233387,0.9342518448829651
-0.13514074683189392,0.0007154643535614014,0.44884175062179565
-0.11996017396450043,-0.11732590198516846,0.00711512565612793
0.005067739635705948,-0.07272695004940033,1.185393214225769
0.058071255683898926,-0.06619590520858765,1.427443265914917
0.09403915703296661,0.007954895496368408,1.5059349536895752
0.0959315150976181,-0.038724303245544434,1.6024079322814941
-0.05820826068520546,-0.03896334767341614,1.3858007192611694
-0.20023930072784424,0.0708320140838623,1.208408236503601
-0.08645004034042358,0.12636512517929077,1.253172755241394
0.1546245515346527,-0.0785067081451416,1.3346116542816162
0.18967248499393463,0.015005528926849365,1.0614678859710693
0.05484192445874214,0.12135946750640869,1.1910780668258667
