-8.650149538880214e-07,-1.099175278795883e-05,0.942026674747467
0.11844854056835175,-0.05635178089141846,0.9536158442497253
0.08549481630325317,-0.09680372476577759,0.4710663855075836
0.025959879159927368,-0.2037150263786316,0.026868700981140137
-0.11844944953918457,0.05634330213069916,0.9303489923477173
-0.14109915494918823,0.0283677875995636,0.4556867480278015
-0.2451404631137848,-0.084228515625,0.028200089931488037
-0.03992607071995735,-0.059502944350242615,1.1893727779388428
-0.038458555936813354,-0.04716619849205017,1.444274663925171
-0.029632166028022766,0.026271462440490723,1.5300627946853638
-0.05111858248710632,-0.030041038990020752,1.6156508922576904
-0.12193366885185242,0.015339493751525879,1.3662326335906982
-0.07038196921348572,0.11120454967021942,1.1056007146835327
0.048636242747306824,0.053397417068481445,1.2177131175994873
0.06830041855573654,-0.10564491152763367,1.3857333660125732
0.27889484167099,-0.09818881750106812,1.184020757675171
0.24839866161346436,0.08215463161468506,1.3078755140304565
