-1.1466454452602193e-07,-9.631665307097137e-06,0.9420245289802551
0.11098644137382507,-0.04743141680955887,0.9501994252204895
0.15607473254203796,-0.0705333948135376,0.4777156710624695
0.18754011392593384,-0.24369704723358154,0.05178874731063843
-0.11099065840244293,0.04741775617003441,0.9337660670280457
-0.11673693358898163,0.014615416526794434,0.45333248376846313
-0.13861964643001556,-0.13641560077667236,0.01945018768310547
0.0017646010965108871,-0.05722682178020477,1.191118836402893
0.08220093697309494,-0.06969276070594788,1.4187872409820557
0.13263696432113647,0.005562722682952881,1.4865868091583252
0.13145892322063446,-0.047721028327941895,1.5847325325012207
-0.0034325411543250084,-0.0038500428199768066,1.3856676816940308
0.03489137813448906,0.13073351979255676,1.1723272800445557
0.17154689133167267,0.025139659643173218,1.2653870582580566
0.1517001986503601,-0.11162516474723816,1.3196468353271484
0.18207958340644836,-0.030100271105766296,1.0404919385910034
0.17040203511714935,0.060874730348587036,1.1779932975769043
