-2.9706188797717914e-06,-8.852093742461875e-06,0.9420210719108582
0.11603750288486481,-0.02021745592355728,0.9548109769821167
0.11093568801879883,-0.043920159339904785,0.4745538532733917
0.11192277073860168,-0.1929696798324585,0.04260295629501343
-0.11603890359401703,0.02020595222711563,0.9291530251502991
-0.1641351878643036,0.008949697017669678,0.44923704862594604
-0.25172460079193115,-0.08807975053787231,0.01878941059112549
-0.012555662542581558,-0.05419854819774628,1.1920912265777588
-0.04631368815898895,-0.029328882694244385,1.4390201568603516
-0.029819242656230927,0.04390549659729004,1.5150961875915527
-0.0450737290084362,-0.0037313103675842285,1.609602451324463
-0.13384345173835754,-0.018185317516326904,1.3437209129333496
-0.14731216430664062,0.05127809941768646,1.071589469909668
-0.09426984190940857,0.09870903193950653,1.2016119956970215
0.059014614671468735,-0.03198710083961487,1.3982884883880615
0.1328650414943695,0.0728503167629242,1.173917531967163
-0.030033491551876068,0.12600424885749817,1.2938928604125977
