-3.3780279409256764e-06,-9.243503882316872e-06,0.9420244097709656
0.11794564127922058,-0.0505041666328907,0.9549838900566101
0.09760920703411102,-0.06639206409454346,0.47271454334259033
0.054069265723228455,-0.17014694213867188,0.027297496795654297
-0.11794619262218475,0.050493303686380386,0.9289787411689758
-0.16839905083179474,0.02543380856513977,0.44938668608665466
-0.2822931408882141,-0.07207930088043213,0.023114502429962158
-0.03571354225277901,-0.05025021731853485,1.1881073713302612
-0.054399020969867706,-0.006833136081695557,1.4315054416656494
-0.04636329412460327,0.07231372594833374,1.5094268321990967
-0.0718020349740982,0.028170764446258545,1.5980582237243652
-0.1458585262298584,0.03546804189682007,1.3480544090270996
-0.14539119601249695,0.1104050725698471,1.0834170579910278
-0.06686536222696304,0.13693484663963318,1.1766728162765503
0.05458463728427887,-0.05498573184013367,1.3848989009857178
0.18398115038871765,-0.04352147877216339,1.1670243740081787
0.12740153074264526,0.08834141492843628,1.240297794342041
