-3.610925887187477e-06,-8.522627467755228e-06,0.9420218467712402
0.11148662120103836,-0.012726602144539356,0.9556246399879456
0.10302022099494934,-0.04820442199707031,0.4731113314628601
0.09702092409133911,-0.18679505586624146,0.035779595375061035
-0.11148769408464432,0.012713724747300148,0.9283391237258911
-0.17393307387828827,-0.0020798146724700928,0.45291629433631897
-0.2327595055103302,-0.10050654411315918,0.0047953128814697266
-0.014292452484369278,-0.04795491695404053,1.1906036138534546
-0.044144392013549805,-0.028769195079803467,1.435364007949829
-0.02941330522298813,0.045684814453125,1.5078506469726562
-0.029246315360069275,0.006619870662689209,1.604656457901001
-0.12570087611675262,-0.01927769184112549,1.3378010988235474
-0.1685817837715149,0.07481637597084045,1.066356897354126
-0.09954258799552917,0.14284777641296387,1.1911003589630127
0.04617343097925186,-0.023765742778778076,1.390319585800171
0.0651734471321106,0.09255185723304749,1.1618945598602295
-0.07816441357135773,0.12352970242500305,1.275516390800476
