-2.3119991965359077e-07,-9.467741620028391e-06,0.9420254230499268
0.11008138209581375,-0.05824505165219307,0.9531501531600952
0.13845187425613403,-0.09709632396697998,0.4717695415019989
0.12968343496322632,-0.24928730726242065,0.04138237237930298
-0.11008571088314056,0.058230023831129074,0.930814802646637
-0.12581336498260498,0.029898852109909058,0.4501684904098511
-0.17700842022895813,-0.09516143798828125,0.010552287101745605
-0.026003295555710793,-0.05246859788894653,1.1900410652160645
0.020734373480081558,-0.06406781077384949,1.4313783645629883
0.06024698168039322,0.01872307062149048,1.5034040212631226
0.05053859204053879,-0.0299188494682312,1.6024315357208252
-0.0603913813829422,0.012542903423309326,1.3926501274108887
0.0030842125415802,0.1468009054660797,1.182044506072998
0.13510417938232422,0.048459023237228394,1.2453441619873047
0.10018989443778992,-0.1183491051197052,1.335355520248413
0.17897087335586548,-0.0603785403072834,1.058735728263855
0.1767663061618805,0.06082984805107117,1.1967227458953857
