-1.244520717591513e-06,-1.0671465133782476e-05,0.9420250654220581
0.12568525969982147,-0.03934871777892113,0.9522454738616943
0.10435950756072998,-0.08991876244544983,0.4686815142631531
0.11731564998626709,-0.24997258186340332,0.03308957815170288
-0.12568621337413788,0.03933973237872124,0.9317169785499573
-0.14414620399475098,0.012159973382949829,0.4491298496723175
-0.17029741406440735,-0.0965801477432251,0.009055018424987793
-0.023702923208475113,-0.08196809887886047,1.1875932216644287
0.016222957521677017,-0.09916135668754578,1.4371440410614014
0.062137670814991,-0.03804856538772583,1.5207293033599854
0.06325904279947281,-0.09559834003448486,1.6082313060760498
-0.09465979039669037,-0.045056551694869995,1.3983668088912964
-0.22168216109275818,0.10201793909072876,1.2122570276260376
-0.07103413343429565,0.13420253992080688,1.2545781135559082
0.11403681337833405,-0.12918394804000854,1.3423798084259033
0.20643006265163422,-0.07437382638454437,1.0701425075531006
0.10865607112646103,0.06984612345695496,1.1322333812713623
