-2.4620840122224763e-06,-1.0804840712808073e-05,0.9420322179794312
0.12443310022354126,-0.020020371302962303,0.9492471814155579
0.11136454343795776,-0.019124776124954224,0.4711540639400482
0.19739466905593872,-0.24371016025543213,0.061949312686920166
-0.12443377077579498,0.020011086016893387,0.9347159266471863
-0.1368090659379959,-0.008233755826950073,0.4490754008293152
-0.13040775060653687,-0.13302314281463623,0.010639548301696777
0.008694764226675034,-0.07494278252124786,1.1828669309616089
0.06494183838367462,-0.07893797755241394,1.4213955402374268
0.09977982193231583,-0.0056555867195129395,1.4976990222930908
0.10178437829017639,-0.05191880464553833,1.5973504781723022
-0.044869206845760345,-0.05016925930976868,1.3797309398651123
-0.16732971370220184,0.068834587931633,1.1858195066452026
-0.04409308731555939,0.10908296704292297,1.2573647499084473
0.15582232177257538,-0.09089156985282898,1.327191710472107
0.19177383184432983,-0.010604813694953918,1.0490508079528809
0.09667627513408661,0.08499591052532196,1.1960183382034302
