-3.0353085094247945e-06,-1.0588682926027104e-05,0.9420315027236938
0.12376764416694641,-0.017273783683776855,0.9493266940116882
0.1060430184006691,-0.020577073097229004,0.4710721969604492
0.19542956352233887,-0.24424606561660767,0.06298625469207764
-0.12376801669597626,0.017264235764741898,0.9346365928649902
-0.13829082250595093,-0.009985238313674927,0.44857072830200195
-0.13209645450115204,-0.13372260332107544,0.009021580219268799
0.009602967649698257,-0.07525818049907684,1.182982325553894
0.05742460489273071,-0.07719200849533081,1.426032304763794
0.09086816012859344,-0.004949212074279785,1.5036345720291138
0.09373404830694199,-0.050528526306152344,1.6031501293182373
-0.05016285926103592,-0.052836090326309204,1.3762931823730469
-0.1709834486246109,0.059219807386398315,1.1700912714004517
-0.05622638761997223,0.10995551943778992,1.2573704719543457
0.14905622601509094,-0.08512130379676819,1.3388748168945312
0.18035802245140076,-0.002958729863166809,1.0632963180541992
0.07531018555164337,0.08512434363365173,1.2092195749282837
