-6.15211138210725e-06,-6.9405377871589735e-06,0.9316985011100769
0.12602852284908295,-0.0346825011074543,0.93863445520401
0.30014339089393616,0.19860143959522247,0.6860973238945007
0.2193516045808792,-0.06906932592391968,0.35402101278305054
-0.1260320097208023,0.034667372703552246,0.9247034788131714
-0.15765830874443054,0.3208608031272888,0.6656649112701416
-0.21815860271453857,0.054129600524902344,0.34668731689453125
0.026362821459770203,0.10177204012870789,1.1117708683013916
0.08667225390672684,0.32639169692993164,1.2476410865783691
0.120255246758461,0.4191966950893402,1.3201526403427124
0.10384444892406464,0.3667857050895691,1.4193267822265625
-0.04253321886062622,0.3354445695877075,1.178267002105713
-0.09133678674697876,0.39678093791007996,0.9089252948760986
0.06843782216310501,0.40915167331695557,1.0335156917572021
0.20461136102676392,0.26903849840164185,1.1758296489715576
0.27354753017425537,0.3050672113895416,0.900962233543396
0.14816072583198547,0.3864876627922058,1.0318617820739746
