-6.625330570386723e-06,-6.542466508108191e-06,0.93169766664505
0.125291645526886,-0.036173634231090546,0.9387860894203186
0.28359800577163696,0.16474123299121857,0.6444889903068542
0.21412521600723267,-0.09370303153991699,0.29948997497558594
-0.1252952367067337,0.03615858405828476,0.9245529174804688
-0.16011196374893188,0.28634515404701233,0.6254668831825256
-0.22591137886047363,0.034240782260894775,0.2856665253639221
0.030717626214027405,0.10079966485500336,1.1176707744598389
0.09161275625228882,0.3185412287712097,1.2564958333969116
0.12336668372154236,0.4084022045135498,1.3285441398620605
0.10584376752376556,0.3559623956680298,1.4274301528930664
-0.03601691126823425,0.3281599283218384,1.1836450099945068
-0.08180433511734009,0.38326191902160645,0.9115598797798157
0.0735679566860199,0.3985925316810608,1.0338695049285889
0.207206130027771,0.26067036390304565,1.1856026649475098
0.2758294343948364,0.2883774936199188,0.9095695614814758
0.1555507332086563,0.3801543116569519,1.0319573879241943
