-1.5536425053142011e-06,-5.5819218687247485e-06,0.6071004271507263
0.03839600831270218,0.12397198379039764,0.5944733619689941
-0.31063586473464966,0.19520658254623413,0.4102175831794739
-0.17613768577575684,0.02405834197998047,0.06037640571594238
-0.03840119391679764,-0.12398011982440948,0.619659423828125
-0.3689117133617401,-0.024394020438194275,0.4180682897567749
-0.1473064124584198,-0.1318461298942566,0.04829639196395874
0.06604698300361633,0.005996540188789368,0.8193064332008362
0.09335895627737045,0.03527522087097168,1.0651130676269531
0.03366273641586304,0.0593147873878479,1.1393076181411743
0.08716218173503876,0.047997474670410156,1.2210557460784912
0.05647202581167221,-0.09075689315795898,1.0231022834777832
-0.023550137877464294,-0.19402408599853516,0.8073350191116333
-0.1299247294664383,-0.12975087761878967,0.7037543654441833
0.12557287514209747,0.15194541215896606,0.9856359362602234
0.08988197147846222,0.2823304831981659,0.7514945268630981
-0.07171297073364258,0.33312395215034485,0.7180582284927368
