-3.5844204830937088e-06,-7.864397048251703e-06,0.607098400592804
0.04294578731060028,0.12944874167442322,0.5988667607307434
-0.34621554613113403,0.21921730041503906,0.45165205001831055
-0.18865534663200378,0.040726542472839355,0.09117627143859863
-0.04294874519109726,-0.12945806980133057,0.6152651309967041
-0.3833651840686798,-0.027568690478801727,0.4773145020008087
-0.14084526896476746,-0.12275993824005127,0.09384310245513916
0.020794954150915146,0.004654139280319214,0.8230797052383423
-0.010666698217391968,0.05681660771369934,1.0681307315826416
-0.08576734364032745,0.0823107361793518,1.1343748569488525
-0.0302908793091774,0.06950747966766357,1.2252684831619263
-0.03543514013290405,-0.07196936011314392,1.0185844898223877
-0.03739898279309273,-0.16853606700897217,0.7751054763793945
-0.14736488461494446,-0.17635254561901093,0.5808209776878357
0.03070010244846344,0.17307251691818237,0.983478307723999
0.014583848416805267,0.27205485105514526,0.7327569723129272
-0.17470374703407288,0.31479793787002563,0.6160645484924316
