-3.2560419640503824e-06,-6.783411663491279e-06,0.6071117520332336
0.03470127657055855,0.12520438432693481,0.6019273400306702
-0.32289379835128784,0.17537671327590942,0.39844459295272827
-0.1696660816669464,0.027995824813842773,0.04000353813171387
-0.034710243344306946,-0.12521684169769287,0.6122076511383057
-0.38737356662750244,-0.04899422824382782,0.4054464101791382
-0.13086697459220886,-0.13531047105789185,0.04225790500640869
0.07556411623954773,-0.007237553596496582,0.820009171962738
0.11351162195205688,-0.015445083379745483,1.065118432044983
0.06110239773988724,0.006721079349517822,1.1278533935546875
0.1102539449930191,-0.0012172460556030273,1.2113468647003174
0.09109237790107727,-0.13242053985595703,1.0143957138061523
0.01370508223772049,-0.2569083869457245,0.8499030470848083
-0.060331713408231735,-0.16280436515808105,0.756725549697876
0.12929551303386688,0.1112028956413269,1.025069236755371
-0.03837361931800842,0.32497113943099976,1.0043408870697021
-0.18163806200027466,0.34609219431877136,1.0477290153503418
