-7.336147973546758e-07,-7.229398761410266e-06,0.6070948243141174
0.035613324493169785,0.1301465630531311,0.5935047268867493
-0.3463113307952881,0.18985353410243988,0.44856783747673035
-0.16212034225463867,0.004462450742721558,0.0998985767364502
-0.03561628237366676,-0.13015440106391907,0.6206272840499878
-0.3544255495071411,-0.044597893953323364,0.45013922452926636
-0.15885958075523376,-0.14685213565826416,0.05728018283843994
0.03243350237607956,0.008880674839019775,0.8257399797439575
0.020401740446686745,0.051094621419906616,1.0745519399642944
-0.038040101528167725,0.06751567125320435,1.1525415182113647
0.028773825615644455,0.057498157024383545,1.2331814765930176
-0.009147748351097107,-0.08084481954574585,1.027374267578125
-0.08378580957651138,-0.16270115971565247,0.7942298650741577
-0.2184107005596161,-0.09200206398963928,0.683796226978302
0.05138272047042847,0.17328327894210815,0.9929153919219971
0.000842459499835968,0.2878793478012085,0.7459374666213989
-0.20177027583122253,0.3161703944206238,0.7568925023078918
