-4.684699888457544e-06,-6.878020940348506e-06,0.6071122884750366
0.032351382076740265,0.12673026323318481,0.6023857593536377
-0.32832321524620056,0.16463248431682587,0.3960720896720886
-0.17076610028743744,0.027619540691375732,0.03744608163833618
-0.0323600172996521,-0.12674148380756378,0.6117513179779053
-0.3762700855731964,-0.052929773926734924,0.40161845088005066
-0.13731451332569122,-0.13153547048568726,0.03578770160675049
0.07814890146255493,-0.00956059992313385,0.8202288150787354
0.12575329840183258,-0.02196630835533142,1.0614956617355347
0.08026646822690964,-0.0014350414276123047,1.124215841293335
0.12614145874977112,-0.0051157474517822266,1.201597809791565
0.10404273867607117,-0.14013317227363586,1.0099178552627563
0.013405144214630127,-0.26072055101394653,0.8865405321121216
-0.06368045508861542,-0.15212836861610413,0.8366522192955017
0.1397027224302292,0.10298064351081848,1.0287693738937378
-0.012236028909683228,0.3172714114189148,1.0551156997680664
-0.14220190048217773,0.31425154209136963,1.1354244947433472
