7.823655323591083e-07,-1.1347663530614227e-05,0.6071228981018066
0.05376708507537842,0.09869670867919922,0.5869642496109009
-0.2907464802265167,0.17080000042915344,0.4052145779132843
-0.17174914479255676,-0.017824232578277588,0.04362219572067261
-0.05378198251128197,-0.09872014075517654,0.6271709203720093
-0.3691026568412781,-0.037427157163619995,0.3905026316642761
-0.19016361236572266,-0.17031192779541016,0.020594239234924316
0.13277330994606018,-0.016718879342079163,0.7867542505264282
0.20283779501914978,-0.020671725273132324,1.002485990524292
0.16569986939430237,0.010088324546813965,1.0523220300674438
0.17966312170028687,0.004157006740570068,1.1338130235671997
0.14729665219783783,-0.1174173653125763,0.9767448902130127
0.19589000940322876,-0.24171686172485352,0.8239090442657471
0.22870582342147827,-0.19203193485736847,0.6971728205680847
0.2664090692996979,0.04936105012893677,0.9409469366073608
0.46590280532836914,0.09822288155555725,0.8160456418991089
0.6171992421150208,0.153621643781662,0.7489086389541626
