-3.6666856431111228e-06,-5.64238871447742e-06,0.607103705406189
0.03921689838171005,0.1251523345708847,0.5998439192771912
-0.32765406370162964,0.19700631499290466,0.41549524664878845
-0.1671697497367859,0.03546741604804993,0.06072103977203369
-0.039222221821546555,-0.1251610964536667,0.6142880320549011
-0.3763989806175232,-0.046442970633506775,0.42262518405914307
-0.12542212009429932,-0.16107845306396484,0.05983012914657593
0.05476175248622894,-0.005310222506523132,0.8227302432060242
0.06747523695230484,0.009307056665420532,1.0700626373291016
0.0028631798923015594,0.03164464235305786,1.1422817707061768
0.057852186262607574,0.019790172576904297,1.225171685218811
0.03745167702436447,-0.1143464744091034,1.017422080039978
-0.03331432491540909,-0.21928609907627106,0.8016172647476196
-0.13661110401153564,-0.16518467664718628,0.6856497526168823
0.09285324066877365,0.1369660496711731,1.009224534034729
-0.03586888313293457,0.32337653636932373,0.8455653190612793
-0.16732129454612732,0.31948941946029663,0.7946667671203613
