-3.9455017031286843e-07,-5.94166704104282e-06,0.6071006059646606
0.03012002259492874,0.13527032732963562,0.5969315767288208
-0.3553887903690338,0.17938752472400665,0.43124961853027344
-0.1813112199306488,0.012484192848205566,0.06579279899597168
-0.03012685850262642,-0.13528192043304443,0.617200493812561
-0.38754090666770935,-0.06180819869041443,0.42810478806495667
-0.15770040452480316,-0.15655875205993652,0.054290771484375
0.06585077941417694,-0.012804731726646423,0.823123574256897
0.07045461237430573,0.008726954460144043,1.0715997219085693
0.008234241977334023,0.021800100803375244,1.1478123664855957
0.06811635941267014,0.026493489742279053,1.2330551147460938
0.060313284397125244,-0.1240701973438263,1.0190356969833374
0.06278757750988007,-0.23277916014194489,0.7903355956077576
-0.02911197394132614,-0.2883644104003906,0.6094052791595459
0.08300844579935074,0.132780522108078,0.9974190592765808
0.036448702216148376,0.2382853478193283,0.7565245628356934
-0.07249531149864197,0.2811703383922577,0.5424212217330933
