-2.0471725292736664e-07,-2.566544571891427e-05,0.6071747541427612
0.038817353546619415,0.07668048143386841,0.596079409122467
-0.27632957696914673,0.12706342339515686,0.4224737286567688
-0.20857182145118713,-0.012956976890563965,0.0542219877243042
-0.03882942721247673,-0.07670226693153381,0.6180695295333862
-0.3214219808578491,-0.03910772502422333,0.42830777168273926
-0.19027796387672424,-0.13476979732513428,0.06629806756973267
0.1253640353679657,-0.013275966048240662,0.7692869901657104
0.17317801713943481,-0.03162921965122223,0.8861516714096069
0.21478424966335297,0.02233564853668213,0.9659927487373352
0.06304758042097092,-0.01856115460395813,0.8865137696266174
0.12527170777320862,-0.09596230089664459,0.8839390277862549
0.06772755086421967,-0.1828414499759674,0.9211733341217041
0.1877971589565277,-0.12666615843772888,0.9841446876525879
0.22096750140190125,0.017526239156723022,0.8956297636032104
0.35324400663375854,0.0692853033542633,0.9552178382873535
0.4460967183113098,0.07025980949401855,1.0610140562057495
