-4.486033049033722e-06,-6.732234396622516e-06,0.6070994734764099
0.045431964099407196,0.12956877052783966,0.5986000299453735
-0.3554961383342743,0.2308797836303711,0.46264535188674927
-0.18417999148368835,0.048086464405059814,0.11069673299789429
-0.04543416202068329,-0.1295759528875351,0.6155298948287964
-0.3881763815879822,-0.02346991002559662,0.4571765661239624
-0.1287553310394287,-0.13406902551651,0.09765619039535522
-0.00236722594127059,-0.003328189253807068,0.8231803178787231
-0.04885740578174591,0.05150899291038513,1.0630860328674316
-0.12329545617103577,0.07559627294540405,1.1322636604309082
-0.06418243050575256,0.06426715850830078,1.2222232818603516
-0.07112878561019897,-0.07690209150314331,1.0141005516052246
-0.08122224360704422,-0.1479974240064621,0.7737420201301575
-0.18236605823040009,-0.17438015341758728,0.5804985761642456
-0.013363122940063477,0.16909804940223694,0.9811925292015076
-0.05167204141616821,0.27232682704925537,0.7313976287841797
-0.23766326904296875,0.32027000188827515,0.5978648662567139
