1.3767653399554547e-06,-1.3022792700212449e-05,0.6071198582649231
0.04710572585463524,0.11070060729980469,0.5921797752380371
-0.30193883180618286,0.15848596394062042,0.38365042209625244
-0.16786500811576843,0.0015996694564819336,0.04402124881744385
-0.04711082950234413,-0.11071180552244186,0.6219598054885864
-0.3522321581840515,-0.04820144176483154,0.3699215054512024
-0.20647531747817993,-0.15175169706344604,0.010768711566925049
0.11512987315654755,-0.004406854510307312,0.7962583303451538
0.20260629057884216,-0.014826655387878418,1.0109233856201172
0.17936557531356812,0.016795039176940918,1.071050763130188
0.2146817147731781,-0.00047397613525390625,1.1317373514175415
0.15470623970031738,-0.12156513333320618,0.9830119609832764
0.07219816744327545,-0.24759253859519958,0.9696086049079895
0.08391241729259491,-0.1279377043247223,1.0472596883773804
0.24069972336292267,0.07087209820747375,0.9750325679779053
0.26316115260124207,0.23921990394592285,1.077130913734436
0.24058708548545837,0.23265135288238525,1.2689290046691895
