-5.171010343474336e-06,-6.454989488702267e-06,0.6070998311042786
0.04081851243972778,0.13258254528045654,0.5944872498512268
-0.36089110374450684,0.21189448237419128,0.4390676021575928
-0.18532273173332214,0.029101163148880005,0.08883124589920044
-0.04082215949892998,-0.13259051740169525,0.6196426153182983
-0.39255717396736145,-0.03703463077545166,0.44082850217819214
-0.1395535171031952,-0.14415019750595093,0.07314497232437134
0.007267648354172707,0.00016814470291137695,0.8232693076133728
-0.03123721480369568,0.050441741943359375,1.0692737102508545
-0.09636375308036804,0.07176727056503296,1.1500844955444336
-0.02665044367313385,0.058495938777923584,1.230334997177124
-0.048105526715517044,-0.08151274919509888,1.020761489868164
-0.04388996958732605,-0.16513946652412415,0.7784114480018616
-0.14489740133285522,-0.2244298905134201,0.5780529975891113
-0.004401311278343201,0.17097991704940796,0.9853582382202148
-0.04443855583667755,0.2652156352996826,0.7306373119354248
-0.24001199007034302,0.28843578696250916,0.5971800088882446
