-7.836562872398645e-06,-1.5754842024762183e-05,0.607130229473114
0.04989287629723549,0.10253003984689713,0.6004456877708435
-0.30129125714302063,0.169817715883255,0.4019235074520111
-0.1673140823841095,-0.01423424482345581,0.04554939270019531
-0.04989851638674736,-0.10254596918821335,0.6136984825134277
-0.36936795711517334,-0.041564926505088806,0.4041120409965515
-0.18944181501865387,-0.14975333213806152,0.032234370708465576
0.11395493894815445,-0.015469178557395935,0.7987171411514282
0.1547691971063614,-0.043970853090286255,0.9919965267181396
0.12225434184074402,-0.0059449076652526855,1.0442293882369995
0.12878578901290894,-0.008259505033493042,1.0750782489776611
0.1065705418586731,-0.13638922572135925,0.9493893384933472
0.07286857068538666,-0.23613503575325012,0.9057594537734985
0.06041741371154785,-0.18361228704452515,0.896324872970581
0.2105247676372528,0.03342074155807495,0.9844595193862915
0.2902737557888031,0.19126957654953003,1.1423472166061401
0.29893314838409424,0.2577248215675354,1.3091760873794556
