2.2177182472660206e-06,-8.069455361692235e-06,0.6071043610572815
0.03724800795316696,0.13449615240097046,0.5955950021743774
-0.3427216112613678,0.19141331315040588,0.4294728636741638
-0.16569289565086365,0.021604478359222412,0.06033647060394287
-0.037257444113492966,-0.1345106065273285,0.6185362935066223
-0.3923495411872864,-0.05039767920970917,0.4145283102989197
-0.14329242706298828,-0.16191482543945312,0.059522807598114014
0.0870710015296936,-0.018386125564575195,0.8183097243309021
0.11750879138708115,-0.00910794734954834,1.0633724927902222
0.04814200475811958,0.012461245059967041,1.126820683479309
0.0897093415260315,0.02721172571182251,1.2187426090240479
0.09480810165405273,-0.141372412443161,1.0132343769073486
0.08380432426929474,-0.24533849954605103,0.7918519973754883
0.04042808711528778,-0.30200472474098206,0.5975193977355957
0.1441929191350937,0.11414942145347595,1.000023365020752
0.15252766013145447,0.2258608043193817,0.7902083396911621
0.12930670380592346,0.28868383169174194,0.6223171949386597
