-2.7210353437112644e-06,-1.1336400348227471e-05,0.6071318984031677
0.059534914791584015,0.08740806579589844,0.592193603515625
-0.2810423672199249,0.1735105812549591,0.41023460030555725
-0.17769202589988708,-0.02440011501312256,0.04196542501449585
-0.05955139920115471,-0.08743289113044739,0.6219423413276672
-0.3613709807395935,-0.024419471621513367,0.3876219093799591
-0.1932574063539505,-0.14843100309371948,0.018746793270111084
0.14155030250549316,-0.011508643627166748,0.7793365716934204
0.20040717720985413,-0.0188865065574646,0.9744065999984741
0.18434983491897583,0.02071857452392578,1.028667688369751
0.1549479365348816,-0.00379142165184021,1.0720034837722778
0.14184699952602386,-0.10377871990203857,0.9537520408630371
0.19479498267173767,-0.22844675183296204,0.844925045967102
0.2507378160953522,-0.1727001667022705,0.7415241599082947
0.27473562955856323,0.040765464305877686,0.9319772720336914
0.4976484179496765,0.10149773955345154,0.8633125424385071
0.6363874673843384,0.1749793291091919,0.8457852602005005
