-1.1926258594030514e-06,-6.306701834546402e-06,0.6070991158485413
0.047659702599048615,0.1290605366230011,0.5928129553794861
-0.33243054151535034,0.21809685230255127,0.4496774673461914
-0.1634424924850464,0.04508763551712036,0.08582359552383423
-0.047662679105997086,-0.1290692389011383,0.6213178038597107
-0.38592907786369324,-0.025178059935569763,0.4549061954021454
-0.14062580466270447,-0.13606637716293335,0.07922548055648804
0.06035254895687103,-0.00515042245388031,0.814710795879364
0.0765303373336792,0.03277510404586792,1.0623278617858887
0.019656039774417877,0.05685204267501831,1.1380023956298828
0.07986243814229965,0.038298845291137695,1.2183376550674438
0.043848611414432526,-0.09303921461105347,1.0125610828399658
0.03638415038585663,-0.2104789912700653,0.7898962497711182
-0.02731592208147049,-0.23534074425697327,0.6206368207931519
0.11302007734775543,0.14660891890525818,0.9824908375740051
0.09484986960887909,0.2444472312927246,0.7344703078269958
-0.06762997806072235,0.30608004331588745,0.6114673018455505
