3.6096316762268543e-06,-1.1659711162792519e-05,0.6252984404563904
0.030471814796328545,0.12499352544546127,0.6107299327850342
-0.33429116010665894,0.1754385530948639,0.4050995409488678
-0.18400786817073822,0.06922787427902222,0.046897828578948975
-0.03047444112598896,-0.12499618530273438,0.6397747993469238
-0.3513045310974121,-0.05902770161628723,0.4223318099975586
-0.2310207039117813,-0.14244472980499268,0.03439062833786011
0.1449078917503357,-0.03417040407657623,0.7983922958374023
0.23467111587524414,-0.04313841462135315,1.0159223079681396
0.20452797412872314,-0.029317915439605713,1.0913829803466797
0.2686787247657776,-0.04322144389152527,1.1656579971313477
0.20172682404518127,-0.16082099080085754,0.9628359079360962
0.0955212414264679,-0.26195642352104187,0.7909833192825317
-0.025174187496304512,-0.2029854953289032,0.7657647728919983
0.22751837968826294,0.07947218418121338,0.961768627166748
0.007791385054588318,0.23231428861618042,0.8559277057647705
-0.21389871835708618,0.28556135296821594,0.853191077709198
