3.0481169233098626e-06,-1.3600551028503105e-05,0.6253035068511963
0.03339248150587082,0.1199924498796463,0.6118580102920532
-0.3176115155220032,0.17631208896636963,0.3864905834197998
-0.12726622819900513,0.05599021911621094,0.04784971475601196
-0.03339441865682602,-0.11999679356813431,0.6386488080024719
-0.3576613664627075,-0.03542034327983856,0.40919238328933716
-0.17411835491657257,-0.12293541431427002,0.03891187906265259
0.1622706800699234,-0.039171427488327026,0.7770899534225464
0.2882274389266968,-0.05163770914077759,0.9665666818618774
0.25837820768356323,-0.0511985719203949,1.038231611251831
0.3415851891040802,-0.06962504982948303,1.0919263362884521
0.2511599063873291,-0.1739281713962555,0.9283138513565063
0.1468016505241394,-0.27578917145729065,0.7454004287719727
-0.01003199815750122,-0.21185259521007538,0.7216416001319885
0.28720197081565857,0.06541708111763,0.901534378528595
0.15158268809318542,0.19691911339759827,0.7014340758323669
0.05653787776827812,0.21797755360603333,0.8304592370986938
