1.720504769764375e-07,-8.174072718247771e-06,0.6252917051315308
0.02844005823135376,0.1236153319478035,0.6157846450805664
-0.32941681146621704,0.15080857276916504,0.4425395727157593
-0.24113471806049347,0.07785478234291077,0.04335230588912964
-0.028441615402698517,-0.12361809611320496,0.6347222328186035
-0.33696117997169495,-0.06948307156562805,0.43495938181877136
-0.2442488670349121,-0.15776872634887695,0.03677445650100708
0.10638590157032013,-0.027968645095825195,0.826169490814209
0.15362060070037842,-0.02371308207511902,1.0613497495651245
0.11340679973363876,-0.02625936269760132,1.1358340978622437
0.18975070118904114,-0.04408848285675049,1.2071657180786133
0.12851642072200775,-0.140097975730896,1.0107591152191162
-0.006674565374851227,-0.22369401156902313,0.8474535346031189
-0.15972407162189484,-0.14225223660469055,0.8373827934265137
0.1454780250787735,0.09789538383483887,1.0045905113220215
-0.06050834059715271,0.2421250343322754,0.881514310836792
-0.2833569645881653,0.2742309272289276,0.8909010887145996
