3.7811278161825612e-06,-1.3843287888448685e-05,0.6253055930137634
0.026275433599948883,0.12297969311475754,0.6199297904968262
-0.3367423713207245,0.17900332808494568,0.38346338272094727
-0.13359808921813965,0.07614737749099731,0.05284816026687622
-0.02627936191856861,-0.1229836493730545,0.6305771470069885
-0.36179590225219727,-0.046558037400245667,0.39074960350990295
-0.17590369284152985,-0.12288820743560791,0.02272021770477295
0.1559814214706421,-0.03692606836557388,0.7785667181015015
0.27307626605033875,-0.06997552514076233,0.9714946150779724
0.24327129125595093,-0.07172566652297974,1.0395469665527344
0.3282339572906494,-0.0850282609462738,1.1070200204849243
0.24971652030944824,-0.186117023229599,0.908610463142395
0.14920222759246826,-0.28139686584472656,0.7179080247879028
0.014828935265541077,-0.2358357310295105,0.6703085899353027
0.2550044655799866,0.05526548624038696,0.9324951767921448
0.04224267974495888,0.22499708831310272,0.8369247913360596
-0.16941604018211365,0.2905351519584656,0.8560361862182617
