3.782922249229159e-06,-1.1265394277870655e-05,0.6252955198287964
0.028923403471708298,0.12897053360939026,0.6134874224662781
-0.3325002193450928,0.17341066896915436,0.4318848252296448
-0.21202076971530914,0.08993834257125854,0.045591771602630615
-0.02892739698290825,-0.128973126411438,0.6370186805725098
-0.3501271903514862,-0.047429218888282776,0.43805980682373047
-0.23800548911094666,-0.13083136081695557,0.03652995824813843
0.14272212982177734,-0.03524072468280792,0.810670018196106
0.2206931710243225,-0.0413474440574646,1.0382176637649536
0.1846049726009369,-0.030185788869857788,1.1103675365447998
0.256330668926239,-0.04180264472961426,1.188305377960205
0.1938464194536209,-0.16324999928474426,0.9860963821411133
0.09965363144874573,-0.26361146569252014,0.8046554327011108
-0.052031487226486206,-0.226396381855011,0.7833241820335388
0.21269363164901733,0.08607372641563416,0.9855672121047974
-0.012068793177604675,0.23197375237941742,0.8812583684921265
-0.21994924545288086,0.2634293735027313,0.8954735994338989
