-3.4606600820552558e-06,-9.99496114673093e-06,0.6252992153167725
0.018602751195430756,0.1166524812579155,0.619665265083313
-0.33703258633613586,0.15446938574314117,0.43818533420562744
-0.24747157096862793,0.08500993251800537,0.05055594444274902
-0.018604204058647156,-0.116652712225914,0.6308392882347107
-0.33086904883384705,-0.07061749696731567,0.43307065963745117
-0.2372494339942932,-0.13733696937561035,0.03189682960510254
0.0739600658416748,-0.02835175395011902,0.8270140886306763
0.08627103269100189,-0.020833492279052734,1.0455747842788696
0.0517641082406044,-0.011793166399002075,1.127565860748291
0.09796936810016632,-0.0414639413356781,1.1691806316375732
0.06872333586215973,-0.13109970092773438,1.002228021621704
-0.02259497344493866,-0.21834485232830048,0.8244917988777161
-0.14578565955162048,-0.17962121963500977,0.7873975038528442
0.08195899426937103,0.09027841687202454,0.9901947975158691
-0.10973764955997467,0.22882762551307678,0.840853214263916
-0.30194878578186035,0.2753222584724426,0.8689510822296143
