5.412950940808514e-07,-8.460796379949898e-06,0.6252855658531189
0.042107775807380676,0.12618573009967804,0.6147257685661316
-0.32773375511169434,0.20532214641571045,0.46499374508857727
-0.22772274911403656,0.09798911213874817,0.05996817350387573
-0.042110130190849304,-0.12619028985500336,0.6357799768447876
-0.34625986218452454,0.0021623969078063965,0.4769067168235779
-0.23025768995285034,-0.1312820315361023,0.07570940256118774
0.07157815247774124,-0.014372110366821289,0.8387548923492432
0.07427266240119934,0.008555114269256592,1.0862644910812378
0.016151096671819687,0.023409366607666016,1.1548807621002197
0.07716339081525803,0.00277554988861084,1.2376893758773804
0.04138302057981491,-0.1143057644367218,1.0422834157943726
-0.0826949030160904,-0.17753854393959045,0.8346916437149048
-0.2333398461341858,-0.08455871045589447,0.8166235685348511
0.09142056107521057,0.13218823075294495,1.0196354389190674
-0.08625161647796631,0.26900774240493774,0.841174840927124
-0.2893076539039612,0.2988505959510803,0.8914153575897217
