-1.1278707461315207e-06,-1.8775186617858708e-05,0.62533038854599
0.03013622760772705,0.09196930378675461,0.6183280944824219
-0.2976123094558716,0.17076259851455688,0.39750081300735474
-0.12046274542808533,0.046337246894836426,0.04876816272735596
-0.030147437006235123,-0.09198331087827682,0.6321884393692017
-0.37535345554351807,-0.039004355669021606,0.41942888498306274
-0.17875374853610992,-0.1418532133102417,0.04294693470001221
0.1620347499847412,-0.044859834015369415,0.7646000981330872
0.26297351717948914,-0.09081712365150452,0.8837288022041321
0.30856990814208984,-0.07777111232280731,0.9477596282958984
0.25523459911346436,-0.11481636762619019,0.922927737236023
0.22678488492965698,-0.17725315690040588,0.8492852449417114
0.14139926433563232,-0.2525865435600281,0.6513680815696716
0.049288228154182434,-0.22279617190361023,0.650080144405365
0.27172771096229553,0.002589195966720581,0.8600637912750244
0.16327700018882751,0.13948050141334534,0.6984888315200806
0.12920570373535156,0.1618378907442093,0.8481548428535461
