1.418539795849938e-06,-9.35024036152754e-06,0.6252861618995667
0.041893426328897476,0.1266373246908188,0.6147639751434326
-0.32812777161598206,0.20005419850349426,0.4669111371040344
-0.23644544184207916,0.09364700317382812,0.059939682483673096
-0.0418953113257885,-0.12664082646369934,0.6357408165931702
-0.3455008864402771,-0.00810253620147705,0.4783395230770111
-0.22833260893821716,-0.1363547444343567,0.07629227638244629
0.07578247040510178,-0.01687490940093994,0.8402716517448425
0.07781128585338593,0.007808953523635864,1.0890682935714722
0.027556240558624268,0.02497267723083496,1.1649143695831299
0.09436291456222534,0.00431668758392334,1.2447586059570312
0.04283826798200607,-0.11572927236557007,1.044485330581665
-0.08425784856081009,-0.1715582311153412,0.8345189094543457
-0.24610617756843567,-0.10160461068153381,0.825621485710144
0.09402817487716675,0.13175392150878906,1.0217607021331787
-0.08828677237033844,0.2642640173435211,0.8376160860061646
-0.2866053581237793,0.29299840331077576,0.898777186870575
