6.6702268668450415e-06,-1.3643351849168539e-05,0.6253027319908142
0.0329340361058712,0.12426608055830002,0.6177231669425964
-0.3288079798221588,0.19489911198616028,0.39012646675109863
-0.12626788020133972,0.07843607664108276,0.05117905139923096
-0.03293900191783905,-0.12426986545324326,0.6327822208404541
-0.370458722114563,-0.03822454810142517,0.3947136700153351
-0.19103394448757172,-0.1286885142326355,0.0184175968170166
0.16161197423934937,-0.045104026794433594,0.783790111541748
0.26879042387008667,-0.06957921385765076,0.9847387075424194
0.2176314741373062,-0.06908786296844482,1.0451605319976807
0.2919992208480835,-0.07432228326797485,1.1267971992492676
0.24686047434806824,-0.18882933259010315,0.9291115999221802
0.15221035480499268,-0.283125102519989,0.7344231605529785
0.016037195920944214,-0.2317948043346405,0.6903977990150452
0.25256508588790894,0.05459150671958923,0.942622184753418
0.03039351850748062,0.2071688175201416,0.8420128226280212
-0.17498669028282166,0.2659427225589752,0.8518416285514832
