-3.428989657550119e-06,-1.9873521523550153e-05,0.6253377199172974
0.027735980227589607,0.09019529819488525,0.6178564429283142
-0.30544421076774597,0.1552392989397049,0.399364709854126
-0.13693222403526306,0.04439866542816162,0.040780067443847656
-0.02774466946721077,-0.09020357578992844,0.6326590776443481
-0.36235129833221436,-0.04537475109100342,0.419743150472641
-0.17026573419570923,-0.14190471172332764,0.046020686626434326
0.1528867781162262,-0.04662521183490753,0.7636346220970154
0.2460700273513794,-0.09006762504577637,0.8834505081176758
0.2870415449142456,-0.06544464826583862,0.9499971866607666
0.2432214915752411,-0.10829553008079529,0.9196557998657227
0.21146956086158752,-0.17320188879966736,0.8549033403396606
0.1206895262002945,-0.2500734329223633,0.6783216595649719
0.02780778706073761,-0.2163054347038269,0.6680355668067932
0.25619396567344666,-0.0002282261848449707,0.8535172939300537
0.15701714158058167,0.14852342009544373,0.6944522261619568
0.1262713521718979,0.16010355949401855,0.8627423048019409
