-3.4760296330205165e-07,-8.228198566939682e-06,0.6252875328063965
0.03526889532804489,0.12409181892871857,0.6159627437591553
-0.32458043098449707,0.18856510519981384,0.44497859477996826
-0.24439942836761475,0.09228652715682983,0.03966861963272095
-0.035271767526865005,-0.12409517168998718,0.634541392326355
-0.33913540840148926,-0.031358927488327026,0.4547872245311737
-0.23300117254257202,-0.1446826457977295,0.05095928907394409
0.07596293091773987,-0.020360484719276428,0.8408693075180054
0.07902941852807999,0.007748335599899292,1.0849850177764893
0.026119980961084366,0.028518259525299072,1.1545913219451904
0.08547373116016388,0.013214111328125,1.2333773374557495
0.05054609477519989,-0.11582425236701965,1.0440173149108887
-0.05029832571744919,-0.20134799182415009,0.8317187428474426
-0.20342910289764404,-0.13265977799892426,0.7847976684570312
0.08881743997335434,0.1276356279850006,1.0186408758163452
-0.10643067955970764,0.2591326832771301,0.848710298538208
-0.3224772810935974,0.27538883686065674,0.8869948387145996
