5.343294105841778e-06,-1.4314729924080893e-05,0.6253019571304321
0.02994392439723015,0.12692610919475555,0.6146208643913269
-0.3297603726387024,0.18999585509300232,0.39198189973831177
-0.12951450049877167,0.07093557715415955,0.057745277881622314
-0.02994784712791443,-0.12692978978157043,0.6358867287635803
-0.3704499304294586,-0.04318511486053467,0.40894344449043274
-0.18903487920761108,-0.13753288984298706,0.036528944969177246
0.1601685881614685,-0.03754521906375885,0.7834069728851318
0.27033013105392456,-0.062339961528778076,0.9867885112762451
0.22442051768302917,-0.06624183058738708,1.0555212497711182
0.30738091468811035,-0.07255357503890991,1.1284334659576416
0.24850189685821533,-0.18607011437416077,0.9256539940834045
0.15894338488578796,-0.2821992039680481,0.7216448187828064
0.018237516283988953,-0.26252833008766174,0.6604529619216919
0.2539535164833069,0.06643661856651306,0.9400392770767212
0.04556506872177124,0.21733418107032776,0.8100436925888062
-0.15372145175933838,0.25311845541000366,0.8309361934661865
