5.309666448738426e-06,-1.4641729649156332e-05,0.6253048181533813
0.029155749827623367,0.12024703621864319,0.6154585480690002
-0.3367044925689697,0.18817837536334991,0.38284486532211304
-0.13655048608779907,0.07326874136924744,0.05031251907348633
-0.029160942882299423,-0.12025223672389984,0.6350486278533936
-0.3661612272262573,-0.04456031322479248,0.39373403787612915
-0.1910375952720642,-0.13067752122879028,0.030752837657928467
0.15364442765712738,-0.03312334418296814,0.7763113379478455
0.2672560214996338,-0.06267434358596802,0.9679461121559143
0.23580467700958252,-0.06311798095703125,1.0299253463745117
0.3206186294555664,-0.0815039575099945,1.095401406288147
0.2434515357017517,-0.17867539823055267,0.9120244383811951
0.14422088861465454,-0.2730126678943634,0.7228325605392456
-0.004668600857257843,-0.22632604837417603,0.6685472726821899
0.2502356171607971,0.05895578861236572,0.9261401891708374
0.03452056646347046,0.22462233901023865,0.8304839730262756
-0.15960314869880676,0.3037540018558502,0.8479487895965576
