4.398428245622199e-06,-1.191364208352752e-05,0.6252956390380859
0.0328865721821785,0.12954531610012054,0.6133356690406799
-0.33599185943603516,0.19429346919059753,0.40910136699676514
-0.1848815679550171,0.09561485052108765,0.03749042749404907
-0.03289009630680084,-0.12954796850681305,0.6371701955795288
-0.3546237647533417,-0.0456099808216095,0.42544475197792053
-0.23254336416721344,-0.1319284439086914,0.028093338012695312
0.14392447471618652,-0.032268866896629333,0.8047179579734802
0.22866612672805786,-0.04001861810684204,1.024761438369751
0.18818038702011108,-0.03279376029968262,1.0965468883514404
0.27517446875572205,-0.047440946102142334,1.1687651872634888
0.20439429581165314,-0.16400262713432312,0.9737900495529175
0.09735932946205139,-0.26273009181022644,0.7975620031356812
-0.046731919050216675,-0.20549730956554413,0.772278904914856
0.21485498547554016,0.08922010660171509,0.9699983596801758
-0.009813681244850159,0.23381587862968445,0.852293848991394
-0.230096697807312,0.28494739532470703,0.8338388204574585
