-3.182606633345131e-06,-2.1035026293247938e-05,0.6253367066383362
0.024573612958192825,0.09595850110054016,0.620856761932373
-0.29910850524902344,0.1331104040145874,0.45337796211242676
-0.25214067101478577,0.07136720418930054,0.018916547298431396
-0.02458588406443596,-0.09596690535545349,0.629658043384552
-0.31701168417930603,-0.03933967649936676,0.436787486076355
-0.23148760199546814,-0.08917748928070068,0.030005216598510742
0.0632513165473938,-0.03869287669658661,0.8058114051818848
0.06771136820316315,-0.07272368669509888,0.9627605676651001
0.08668722212314606,-0.026217371225357056,1.0387166738510132
-0.02659495174884796,-0.07472208142280579,0.9736700654029846
0.062010928988456726,-0.1534353643655777,0.9425775408744812
-0.01329110562801361,-0.212311789393425,0.7742857336997986
-0.10263504832983017,-0.1458938717842102,0.7920467853546143
0.06006607785820961,0.0182458758354187,0.9496992230415344
-0.09294876456260681,0.12300539016723633,0.8214037418365479
-0.23654460906982422,0.18492910265922546,0.9114160537719727
