-5.932652129558846e-07,-1.2033648090437055e-05,0.6253036260604858
0.026545574888586998,0.1198282465338707,0.615576446056366
-0.3310410976409912,0.17326751351356506,0.45325767993927
-0.2443176656961441,0.0804920494556427,0.05478459596633911
-0.02655070275068283,-0.11983098089694977,0.6349265575408936
-0.3339027166366577,-0.04833579063415527,0.4496212601661682
-0.22370363771915436,-0.12943708896636963,0.05152934789657593
0.06994326412677765,-0.026490792632102966,0.8339662551879883
0.07036609947681427,-0.024899691343307495,1.054230809211731
0.024495143443346024,-0.013858199119567871,1.1127634048461914
0.059842780232429504,-0.047764748334884644,1.173971176147461
0.05407483130693436,-0.13692882657051086,1.0127748250961304
0.0022034868597984314,-0.2061362862586975,0.8137293457984924
-0.13619889318943024,-0.1845732182264328,0.7312469482421875
0.07312636822462082,0.09161540865898132,0.9981427192687988
-0.12581101059913635,0.22363606095314026,0.8472549915313721
-0.3092191815376282,0.23729252815246582,0.85636305809021
