1.7890070012072101e-06,-1.2652617442654446e-05,0.6253015995025635
0.02135067991912365,0.11531808972358704,0.6175362467765808
-0.3223534822463989,0.17269405722618103,0.4386559724807739
-0.24904471635818481,0.09596484899520874,0.040516793727874756
-0.021354978904128075,-0.11532270908355713,0.6329687237739563
-0.32932010293006897,-0.06133712828159332,0.43000513315200806
-0.22678181529045105,-0.12058889865875244,0.037499964237213135
0.08110488951206207,-0.0277300626039505,0.8282949924468994
0.09278477728366852,-0.023976445198059082,1.0463303327560425
0.06485341489315033,-0.016747385263442993,1.1154396533966064
0.10386499017477036,-0.04601356387138367,1.161298394203186
0.0793430507183075,-0.1341007947921753,1.0106308460235596
0.008632384240627289,-0.23644958436489105,0.8310396075248718
-0.12873344123363495,-0.19487302005290985,0.7896749377250671
0.08984571695327759,0.08652561902999878,0.9943262338638306
-0.10805404186248779,0.22738373279571533,0.8406139612197876
-0.28437352180480957,0.24891886115074158,0.8479509949684143
