6.429698260035366e-06,-1.3843637134414166e-05,0.6253010034561157
0.03042687475681305,0.12323334813117981,0.6171039342880249
-0.32840508222579956,0.18414801359176636,0.3938582241535187
-0.12269482016563416,0.07422620058059692,0.05796325206756592
-0.030431415885686874,-0.12323777377605438,0.6334031224250793
-0.363742858171463,-0.04493309557437897,0.3997940123081207
-0.18223364651203156,-0.1405569314956665,0.028887152671813965
0.15382185578346252,-0.033159419894218445,0.7810840606689453
0.26086026430130005,-0.05507099628448486,0.9836031198501587
0.21105560660362244,-0.058783918619155884,1.0430670976638794
0.2855803370475769,-0.06718185544013977,1.1214420795440674
0.24353045225143433,-0.17078661918640137,0.9250949025154114
0.1648196578025818,-0.269326388835907,0.7305585741996765
0.03867490589618683,-0.25054800510406494,0.6729433536529541
0.24266138672828674,0.06602925062179565,0.9406865835189819
0.024863630533218384,0.20957498252391815,0.8350492715835571
-0.17285510897636414,0.2624717354774475,0.8416290283203125
