4.248799086781219e-06,-1.2620992492884398e-05,0.6253021359443665
0.03120025061070919,0.1275070160627365,0.6179352402687073
-0.3338838219642639,0.19799765944480896,0.3963015377521515
-0.12519389390945435,0.08143967390060425,0.0579681396484375
-0.031204072758555412,-0.12750943005084991,0.6325698494911194
-0.36826521158218384,-0.043618351221084595,0.40179458260536194
-0.18056410551071167,-0.1408420205116272,0.026007115840911865
0.161925807595253,-0.04219692945480347,0.7846570014953613
0.2632656693458557,-0.06277087330818176,0.9887397289276123
0.21910186111927032,-0.059749096632003784,1.0566225051879883
0.2972531020641327,-0.06540873646736145,1.1340792179107666
0.2455570101737976,-0.18412679433822632,0.9314113855361938
0.15817901492118835,-0.2768017649650574,0.7346112728118896
0.03344911336898804,-0.25723668932914734,0.6856563687324524
0.2432558238506317,0.06343486905097961,0.9423336386680603
0.024976462125778198,0.21218740940093994,0.8340613842010498
-0.18706092238426208,0.2609138786792755,0.8429709076881409
