2.238252363895299e-06,-9.251431038137525e-06,0.6252889633178711
0.026879068464040756,0.12760275602340698,0.6177810430526733
-0.3349878191947937,0.16003035008907318,0.44890040159225464
-0.24610096216201782,0.09420767426490784,0.04776406288146973
-0.026882169768214226,-0.12760667502880096,0.6327243447303772
-0.33836209774017334,-0.0510069876909256,0.44904959201812744
-0.25378188490867615,-0.14353984594345093,0.041955411434173584
0.11629173159599304,-0.03163699805736542,0.8259052634239197
0.17165052890777588,-0.028508126735687256,1.0641928911209106
0.12736836075782776,-0.02594783902168274,1.141624927520752
0.2077544927597046,-0.034813523292541504,1.2187435626983643
0.1460976004600525,-0.15008270740509033,1.0081924200057983
0.001936793327331543,-0.22242805361747742,0.8304265737533569
-0.15444841980934143,-0.1560784876346588,0.8332193493843079
0.15977293252944946,0.09775406122207642,1.0078086853027344
-0.05412152409553528,0.23192909359931946,0.8808407187461853
-0.27527081966400146,0.25607818365097046,0.8645607233047485
