4.033750883536413e-06,-1.4243927580537274e-05,0.6253052353858948
0.026776179671287537,0.12259078025817871,0.6188929080963135
-0.337401807308197,0.18041622638702393,0.3833535313606262
-0.13711395859718323,0.07025519013404846,0.05289638042449951
-0.026780540123581886,-0.1225949227809906,0.6316142678260803
-0.36326903104782104,-0.046791672706604004,0.39282941818237305
-0.18004095554351807,-0.1261528730392456,0.02464991807937622
0.15613684058189392,-0.03530947118997574,0.7782461643218994
0.27211493253707886,-0.06653690338134766,0.9705803394317627
0.24201004207134247,-0.06976771354675293,1.0374529361724854
0.3296706974506378,-0.08523344993591309,1.1043829917907715
0.24896356463432312,-0.18326418101787567,0.9088795185089111
0.14984911680221558,-0.2799130082130432,0.7163243889808655
0.010618403553962708,-0.2330598682165146,0.6583665013313293
0.2534935474395752,0.057731300592422485,0.9313207268714905
0.03911537677049637,0.22678473591804504,0.8356581926345825
-0.16988715529441833,0.2971939742565155,0.853995680809021
