2.1161481527087744e-06,-8.911385521059856e-06,0.6252883076667786
0.028742797672748566,0.1303408145904541,0.6175758242607117
-0.3373297452926636,0.1667519509792328,0.44024527072906494
-0.24249058961868286,0.09991461038589478,0.038229286670684814
-0.028746550902724266,-0.13034465909004211,0.6329295635223389
-0.33961939811706543,-0.05357104539871216,0.43762239813804626
-0.2411959171295166,-0.12633925676345825,0.02558833360671997
0.11130444705486298,-0.02957981824874878,0.82762211561203
0.1594487726688385,-0.024926364421844482,1.0661137104034424
0.10971483588218689,-0.013690292835235596,1.1411913633346558
0.18534044921398163,-0.023493409156799316,1.2193269729614258
0.13736237585544586,-0.14814910292625427,1.0136550664901733
0.03138361871242523,-0.24353767931461334,0.8257585167884827
-0.13369658589363098,-0.19234921038150787,0.8000941276550293
0.15305621922016144,0.10344195365905762,1.010040283203125
-0.06086567044258118,0.244680717587471,0.8801925778388977
-0.2862807512283325,0.2720896303653717,0.8666194677352905
