3.4908962334156968e-06,-1.3981440133647993e-05,0.6253037452697754
0.032012179493904114,0.12040843069553375,0.6117392778396606
-0.31760871410369873,0.17444568872451782,0.3859555125236511
-0.1289467215538025,0.051630616188049316,0.04695695638656616
-0.032014213502407074,-0.12041223049163818,0.6387675404548645
-0.35524657368659973,-0.03442150354385376,0.4101119339466095
-0.17407526075839996,-0.12121480703353882,0.03947645425796509
0.1618623286485672,-0.03943292796611786,0.7768852710723877
0.28770285844802856,-0.05336597561836243,0.9674630165100098
0.25836268067359924,-0.053041011095047,1.0398964881896973
0.3402942419052124,-0.07095682621002197,1.0940022468566895
0.25194042921066284,-0.1757153868675232,0.9291505217552185
0.1522238552570343,-0.27586549520492554,0.7414988279342651
-0.007771581411361694,-0.21467962861061096,0.7145657539367676
0.28501835465431213,0.06433700025081635,0.9019089937210083
0.1462269127368927,0.1961129903793335,0.7015843391418457
0.045480795204639435,0.21793663501739502,0.8247144818305969
