-1.572724613652099e-06,-9.870091162156314e-06,0.6252959370613098
0.028973843902349472,0.12033171951770782,0.6213568449020386
-0.32798445224761963,0.1594676673412323,0.45302361249923706
-0.2535516023635864,0.08761522173881531,0.04565685987472534
-0.028979036957025528,-0.12033839523792267,0.6291481256484985
-0.33044013381004333,-0.02795463800430298,0.4485846757888794
-0.23302863538265228,-0.09969121217727661,0.03347283601760864
0.08375419676303864,-0.040601640939712524,0.8339731693267822
0.10002671927213669,-0.03479158878326416,1.0614683628082275
0.061269361525774,-0.02302306890487671,1.1339733600616455
0.086009182035923,-0.03907442092895508,1.183262825012207
0.08414037525653839,-0.1516118049621582,1.0167901515960693
-0.0038503631949424744,-0.23599262535572052,0.8265808820724487
-0.15792548656463623,-0.14545363187789917,0.7852485775947571
0.09776276350021362,0.08587610721588135,1.0128360986709595
-0.0923067182302475,0.22677545249462128,0.8627952337265015
-0.3154171109199524,0.24528929591178894,0.8934676647186279
