2.4805685825413093e-06,-9.03714681044221e-06,0.6252882480621338
0.02600937709212303,0.12764565646648407,0.6172813773155212
-0.3337863087654114,0.16029322147369385,0.44632846117019653
-0.24710264801979065,0.09264162182807922,0.04676085710525513
-0.026012670248746872,-0.12764990329742432,0.6332241296768188
-0.3372254967689514,-0.05186104774475098,0.44809189438819885
-0.2529672682285309,-0.1421489715576172,0.04096221923828125
0.1164398118853569,-0.030766010284423828,0.8261569142341614
0.17133018374443054,-0.02805083990097046,1.06467866897583
0.12898527085781097,-0.025019586086273193,1.142042636871338
0.20930811762809753,-0.034068942070007324,1.2189090251922607
0.14516687393188477,-0.14878123998641968,1.0096282958984375
-0.002949759364128113,-0.22222644090652466,0.8334668278694153
-0.1576017290353775,-0.15632572770118713,0.8398258090019226
0.15973684191703796,0.0982862114906311,1.0077226161956787
-0.05541643500328064,0.23299449682235718,0.8804178237915039
-0.2766655683517456,0.25692474842071533,0.8620139956474304
