5.251075890555512e-06,-1.4896962966304272e-05,0.6253053545951843
0.029957283288240433,0.12527212500572205,0.6187857389450073
-0.3372812569141388,0.19496369361877441,0.3856663703918457
-0.13395097851753235,0.08107933402061462,0.05913132429122925
-0.029961779713630676,-0.12527689337730408,0.6317203640937805
-0.3728336691856384,-0.03859531879425049,0.39177486300468445
-0.17623968422412872,-0.12083208560943604,0.028032660484313965
0.15892282128334045,-0.04011629521846771,0.7844350337982178
0.26276302337646484,-0.06449893116950989,0.9836797118186951
0.2164015769958496,-0.06381112337112427,1.0456571578979492
0.2963881492614746,-0.0763113796710968,1.1245825290679932
0.2396901249885559,-0.18235594034194946,0.9317442774772644
0.14359208941459656,-0.297074556350708,0.7387540936470032
-0.0026129186153411865,-0.22103267908096313,0.7035036087036133
0.2514297664165497,0.06029999256134033,0.9383066892623901
0.027421340346336365,0.22652745246887207,0.8367498517036438
-0.18375980854034424,0.29492855072021484,0.8619354963302612
