4.594166966853663e-06,-1.2248103303136304e-05,0.6252997517585754
0.032983049750328064,0.12888780236244202,0.6174716353416443
-0.3360188603401184,0.20397469401359558,0.4026035964488983
-0.12628388404846191,0.0823664665222168,0.06201040744781494
-0.03298642486333847,-0.12888991832733154,0.6330326199531555
-0.3726911246776581,-0.04129372537136078,0.4120388627052307
-0.18750503659248352,-0.14424455165863037,0.03431922197341919
0.1588382124900818,-0.04306623339653015,0.7895501255989075
0.2498469054698944,-0.05192247033119202,0.9986215233802795
0.19815626740455627,-0.04633936285972595,1.0641815662384033
0.2739492654800415,-0.04901665449142456,1.1458654403686523
0.2337486743927002,-0.1763695776462555,0.9456853866577148
0.1510986089706421,-0.28073644638061523,0.7475752234458923
0.030580103397369385,-0.26206696033477783,0.6922926902770996
0.23182889819145203,0.07347315549850464,0.9443930983543396
0.01867689937353134,0.21581941843032837,0.8070703744888306
-0.2018510103225708,0.26991525292396545,0.803152322769165
