-6.573827704414725e-09,-1.3106175174470991e-05,0.6253072619438171
0.02066025510430336,0.11056025326251984,0.6184959411621094
-0.33207565546035767,0.15663234889507294,0.45661771297454834
-0.2489180564880371,0.0763741135597229,0.06115376949310303
-0.02066437527537346,-0.11056256294250488,0.6320085525512695
-0.32655924558639526,-0.04895345866680145,0.448429137468338
-0.2139887660741806,-0.1152544617652893,0.056583285331726074
0.07270598411560059,-0.04369984567165375,0.821184515953064
0.08548086881637573,-0.06065613031387329,1.0300406217575073
0.04078119248151779,-0.06204414367675781,1.0850229263305664
0.0699077844619751,-0.10262158513069153,1.1279776096343994
0.07600834965705872,-0.16180895268917084,0.9832067489624023
0.026102200150489807,-0.2335052341222763,0.7763527631759644
-0.1023404449224472,-0.19379755854606628,0.7003223299980164
0.07830078899860382,0.04988539218902588,0.984807014465332
-0.11944854259490967,0.18837743997573853,0.8425468802452087
-0.28469446301460266,0.21604259312152863,0.8235700130462646
