6.687099812552333e-06,-1.4556000678567216e-05,0.6253049373626709
0.029992394149303436,0.12534762918949127,0.6188024878501892
-0.33204421401023865,0.19586418569087982,0.38668355345726013
-0.1297154724597931,0.07563048601150513,0.05138111114501953
-0.02999720722436905,-0.12535114586353302,0.63170325756073
-0.36767280101776123,-0.04134468734264374,0.39093920588493347
-0.17903244495391846,-0.1284581422805786,0.018523037433624268
0.1629313826560974,-0.0470908060669899,0.780817985534668
0.27350229024887085,-0.07547816634178162,0.9775332808494568
0.22668132185935974,-0.07179555296897888,1.0411968231201172
0.3079928159713745,-0.08269765973091125,1.1177856922149658
0.25384101271629333,-0.19435127079486847,0.9227451086044312
0.16090306639671326,-0.28791314363479614,0.7285548448562622
0.022135183215141296,-0.24112136662006378,0.6862245798110962
0.254896879196167,0.05049672722816467,0.938300371170044
0.032073233276605606,0.2084227204322815,0.8434926271438599
-0.1797107458114624,0.2746503949165344,0.8633997440338135
