4.008651558251586e-06,-1.2963238987140357e-05,0.625299870967865
0.028685128316283226,0.12787994742393494,0.6145086884498596
-0.3440812826156616,0.17238368093967438,0.4445914924144745
-0.22509220242500305,0.0879892110824585,0.05092495679855347
-0.028690248727798462,-0.12788426876068115,0.6359972357749939
-0.3573189079761505,-0.044188305735588074,0.4513826370239258
-0.24206028878688812,-0.1330304741859436,0.046650230884552
0.1450645476579666,-0.04157683253288269,0.8124390840530396
0.210008442401886,-0.053275108337402344,1.0382025241851807
0.1836964339017868,-0.03290703892707825,1.1055004596710205
0.22562140226364136,-0.0491366982460022,1.1802232265472412
0.18258941173553467,-0.17311343550682068,0.986077070236206
0.09033122658729553,-0.26397013664245605,0.8033548593521118
-0.06542304903268814,-0.21357327699661255,0.7828100919723511
0.21146638691425323,0.07587185502052307,0.9898749589920044
-0.0001737847924232483,0.23038378357887268,0.8828447461128235
-0.20941787958145142,0.2614651322364807,0.894750714302063
