1.6984495232463814e-06,-8.546732715331018e-06,0.9376111030578613
0.13026073575019836,-0.04719741642475128,0.950634777545929
0.09381730854511261,-0.1118563711643219,0.46715444326400757
0.0618780255317688,-0.2367088794708252,0.024675965309143066
-0.13026176393032074,0.047189973294734955,0.924528181552887
-0.17335373163223267,-0.020993053913116455,0.44463661313056946
-0.23324719071388245,-0.13450008630752563,0.003929495811462402
-0.04295746982097626,-0.0673687607049942,1.1840423345565796
-0.006332488730549812,-0.0033673346042633057,1.4305557012557983
0.03024916909635067,0.07374423742294312,1.511866807937622
0.02261020615696907,0.03625380992889404,1.6178722381591797
-0.12230169773101807,0.03385850787162781,1.3529598712921143
-0.21815714240074158,0.03725038468837738,1.0721704959869385
-0.19830048084259033,0.08906354010105133,0.823054850101471
0.0997098982334137,-0.06344872713088989,1.3502280712127686
0.17275768518447876,-0.12750765681266785,1.0693409442901611
0.19748219847679138,-0.06424836069345474,0.8288346529006958
