1.134526428359095e-06,-7.15725400368683e-06,0.9376121163368225
0.13167941570281982,-0.04259892553091049,0.9513376951217651
0.12065249681472778,-0.10939338803291321,0.471845418214798
0.11233082413673401,-0.25115811824798584,0.036556363105773926
-0.13168159127235413,0.04258735477924347,0.9238255023956299
-0.16914629936218262,-0.029968827962875366,0.4447701871395111
-0.19954845309257507,-0.14794868230819702,0.0014134645462036133
-0.031801171600818634,-0.06246021389961243,1.1872049570083618
0.01932665705680847,-0.001985013484954834,1.4334337711334229
0.057994067668914795,0.07807940244674683,1.5131036043167114
0.06297250092029572,0.03464227914810181,1.6159645318984985
-0.09905284643173218,0.03128236532211304,1.3688043355941772
-0.21931464970111847,0.00964517891407013,1.0986905097961426
-0.2428855001926422,0.033747002482414246,0.8458102941513062
0.11766756325960159,-0.061570316553115845,1.344630479812622
0.15042483806610107,-0.14211507141590118,1.061479926109314
0.1329364776611328,-0.09682169556617737,0.827232837677002
