-2.512796527298633e-06,-6.3631669036112726e-06,0.9376213550567627
0.1290493607521057,-0.050471529364585876,0.9494395852088928
0.0706489160656929,-0.0865221917629242,0.46653369069099426
0.012861460447311401,-0.202461838722229,0.024878859519958496
-0.12905177474021912,0.05045891925692558,0.925728440284729
-0.18557798862457275,0.04441195726394653,0.44866523146629333
-0.28362637758255005,-0.06458413600921631,0.022956371307373047
-0.03599241003394127,-0.039436206221580505,1.1880645751953125
0.02867555432021618,-0.02775147557258606,1.4354851245880127
0.06190349534153938,0.061693012714385986,1.503358006477356
0.06082994490861893,0.02879953384399414,1.6104482412338257
-0.09841427206993103,0.03194841742515564,1.4221985340118408
-0.25048547983169556,0.23253053426742554,1.478576898574829
-0.12052887678146362,0.3048325181007385,1.6439158916473389
0.12605305016040802,-0.08975324034690857,1.3346625566482544
0.17903946340084076,-0.15942160785198212,1.0467159748077393
0.21972379088401794,-0.08156271278858185,0.8123500347137451
