1.1917968549823854e-06,-7.3939881986007094e-06,0.9376091361045837
0.13392552733421326,-0.03568105399608612,0.9504991173744202
0.14558494091033936,-0.06512820720672607,0.46928560733795166
0.16457703709602356,-0.21951472759246826,0.03771334886550903
-0.13392557203769684,0.03567168116569519,0.9246641993522644
-0.1435200721025467,-0.03700298070907593,0.4433203637599945
-0.1535460352897644,-0.16192400455474854,0.002776205539703369
-0.023809732869267464,-0.0622645765542984,1.1855748891830444
0.014663327485322952,0.0077776312828063965,1.4318387508392334
0.048156868666410446,0.087765634059906,1.5118681192398071
0.0485219806432724,0.052359938621520996,1.6165285110473633
-0.10542023181915283,0.03287440538406372,1.3569210767745972
-0.2163873314857483,0.02277936041355133,1.0789531469345093
-0.21381354331970215,0.0755401998758316,0.8264029026031494
0.12228679656982422,-0.0407697856426239,1.3495750427246094
0.19090184569358826,-0.08948364108800888,1.0625826120376587
0.20289474725723267,-0.02581043541431427,0.8253459334373474
