-1.9598928702180274e-06,-6.948070222279057e-06,0.9376203417778015
0.12992525100708008,-0.048197537660598755,0.9502750635147095
0.0700923353433609,-0.08661913871765137,0.4672029912471771
0.015074342489242554,-0.2042461633682251,0.024189531803131104
-0.1299271285533905,0.048186346888542175,0.9248919486999512
-0.19061213731765747,0.040823787450790405,0.44682130217552185
-0.28650176525115967,-0.06919008493423462,0.02066802978515625
-0.0374370738863945,-0.043039023876190186,1.1870155334472656
0.01984706148505211,-0.025761425495147705,1.4362213611602783
0.050142284482717514,0.06243419647216797,1.5081100463867188
0.04854274541139603,0.027107059955596924,1.6125763654708862
-0.10655263066291809,0.031112223863601685,1.4118921756744385
-0.2618694603443146,0.23484402894973755,1.4173502922058105
-0.12376934289932251,0.31163281202316284,1.5569418668746948
0.12004092335700989,-0.08537307381629944,1.341212272644043
0.17892643809318542,-0.15487158298492432,1.0556762218475342
0.21861565113067627,-0.07892591506242752,0.8161438703536987
