2.415150902379537e-06,-7.627186278114095e-06,0.9376090168952942
0.12975963950157166,-0.04741101339459419,0.9527315497398376
0.13624781370162964,-0.07637494802474976,0.46999311447143555
0.13783521950244904,-0.21867382526397705,0.03610682487487793
-0.12975943088531494,0.04740166664123535,0.9224324226379395
-0.1519990861415863,-0.03936266899108887,0.4447694718837738
-0.1865941435098648,-0.16714215278625488,0.008653342723846436
-0.04122728109359741,-0.060803696513175964,1.1857070922851562
-0.0067656636238098145,0.007624626159667969,1.43270742893219
0.024398084729909897,0.08742237091064453,1.5082675218582153
0.025671973824501038,0.053760647773742676,1.616260290145874
-0.12387537956237793,0.04324233531951904,1.3574585914611816
-0.24409830570220947,0.03976668417453766,1.0829355716705322
-0.26242536306381226,0.1056649386882782,0.8356238603591919
0.09961750358343124,-0.055184751749038696,1.3549156188964844
0.17778262495994568,-0.1399436593055725,1.0780967473983765
0.22045263648033142,-0.09603118151426315,0.8359514474868774
