-3.1653539735998493e-06,-5.9514968597795814e-06,0.937620997428894
0.12926560640335083,-0.050014428794384,0.9490159749984741
0.06924164295196533,-0.08666667342185974,0.46662211418151855
0.010075747966766357,-0.2018357515335083,0.0252951979637146
-0.12926848232746124,0.05000167340040207,0.9261521697044373
-0.18509186804294586,0.045234084129333496,0.4506165087223053
-0.2818123996257782,-0.06467688083648682,0.023375868797302246
-0.03498941659927368,-0.03929653763771057,1.1885111331939697
0.03175638988614082,-0.029132962226867676,1.4356141090393066
0.0656028687953949,0.060701727867126465,1.5024209022521973
0.06431160867214203,0.028412699699401855,1.6097583770751953
-0.09623749554157257,0.02946680784225464,1.425173044204712
-0.2510741651058197,0.22581690549850464,1.492654800415039
-0.12797677516937256,0.29908376932144165,1.6626746654510498
0.12920622527599335,-0.09005233645439148,1.332961916923523
0.17834459245204926,-0.15641644597053528,1.0439672470092773
0.2156827449798584,-0.07890917360782623,0.8106201887130737
