5.480473191710189e-06,-1.1724863725248724e-05,0.6038922071456909
0.03056260384619236,0.13201794028282166,0.5972988605499268
-0.3334532380104065,0.19230768084526062,0.38943377137184143
-0.1651451289653778,0.0753915011882782,0.025636255741119385
-0.03056614100933075,-0.1320202648639679,0.6104011535644531
-0.3702414631843567,-0.022143691778182983,0.3955637514591217
-0.2066212296485901,-0.11814051866531372,0.00927501916885376
0.1504150927066803,-0.0425165593624115,0.7819393277168274
0.23165173828601837,-0.051554590463638306,1.0042026042938232
0.17351123690605164,-0.046880871057510376,1.0695533752441406
0.24163340032100677,-0.045283108949661255,1.1544668674468994
0.21151012182235718,-0.1786055713891983,0.9513430595397949
0.10767212510108948,-0.27203187346458435,0.7574034929275513
-0.037641528993844986,-0.22918032109737396,0.7493082284927368
0.22167810797691345,0.0777418315410614,0.9530603885650635
0.03741907700896263,0.22273880243301392,0.8138179779052734
-0.1724851131439209,0.2372606247663498,0.8276125192642212
