-2.2080539565649815e-06,-7.329441359615885e-06,0.603881299495697
0.04844501614570618,0.12588943541049957,0.5973820686340332
-0.3361002802848816,0.19804546236991882,0.44274526834487915
-0.240325927734375,0.08830142021179199,0.042603373527526855
-0.04844661429524422,-0.12589165568351746,0.6103160381317139
-0.3332884609699249,0.02639087289571762,0.4542974829673767
-0.2288094162940979,-0.09053879976272583,0.043585777282714844
0.0668649971485138,-0.025883227586746216,0.8227229714393616
0.07730663567781448,0.004150837659835815,1.071968674659729
0.029038283973932266,0.025153815746307373,1.1568846702575684
0.0976884514093399,0.01505899429321289,1.2392001152038574
0.03639212250709534,-0.1219906210899353,1.0228837728500366
-0.06387633830308914,-0.18147653341293335,0.7967532873153687
-0.2021051049232483,-0.11935406923294067,0.7611391544342041
0.10146667808294296,0.12571659684181213,0.9936971664428711
-0.022296130657196045,0.23795190453529358,0.769392192363739
-0.2264184057712555,0.28601908683776855,0.7976195812225342
