-1.4781485333514865e-06,-7.64488140703179e-06,0.6038806438446045
0.04954497888684273,0.12590675055980682,0.5965099334716797
-0.3338928520679474,0.2017003297805786,0.44311437010765076
-0.23464098572731018,0.08739820122718811,0.04428672790527344
-0.04954594001173973,-0.1259089559316635,0.6111879348754883
-0.331731379032135,0.025922060012817383,0.45412057638168335
-0.22400137782096863,-0.09311121702194214,0.04327821731567383
0.06853102147579193,-0.025878041982650757,0.8227547407150269
0.07969135046005249,0.006725400686264038,1.0719530582427979
0.03383668139576912,0.023670613765716553,1.1587920188903809
0.10328643023967743,0.012148380279541016,1.2382678985595703
0.037568703293800354,-0.11916962265968323,1.0236077308654785
-0.0641939714550972,-0.18507181107997894,0.8002945184707642
-0.203857421875,-0.12303967773914337,0.7778512835502625
0.10380461066961288,0.12716802954673767,0.9930450320243835
-0.01909339427947998,0.23836757242679596,0.7659200429916382
-0.2260546088218689,0.27998116612434387,0.7841002941131592
