2.381493686698377e-06,-1.0102685337187722e-05,0.6038883328437805
0.030793631449341774,0.13142168521881104,0.5976949334144592
-0.3475685119628906,0.17085543274879456,0.43276655673980713
-0.24389603734016418,0.08199548721313477,0.03986173868179321
-0.030796216800808907,-0.13142472505569458,0.6100044250488281
-0.36777955293655396,-0.012120723724365234,0.4281426668167114
-0.24592472612857819,-0.11156195402145386,0.03333568572998047
0.13605454564094543,-0.04067051410675049,0.7940839529037476
0.21307797729969025,-0.03807803988456726,1.0244032144546509
0.17669548094272614,-0.023669928312301636,1.1050167083740234
0.26033663749694824,-0.03445601463317871,1.1775667667388916
0.17937368154525757,-0.1654518097639084,0.9704849123954773
0.04511389136314392,-0.24830612540245056,0.7785753011703491
-0.06664358824491501,-0.1877979338169098,0.8804980516433716
0.21230125427246094,0.0899905264377594,0.9656053781509399
0.053297434002161026,0.21445110440254211,0.7877330780029297
-0.11736223101615906,0.21133953332901,0.8551560044288635
