6.620866770390421e-07,-8.995726602734067e-06,0.6038823127746582
0.03721073642373085,0.13158808648586273,0.5976260304450989
-0.3509277105331421,0.18129879236221313,0.4370453953742981
-0.2570377588272095,0.09237366914749146,0.03402996063232422
-0.037212975323200226,-0.13159146904945374,0.6100724935531616
-0.352583110332489,-0.006990224123001099,0.44094353914260864
-0.2409496307373047,-0.11334151029586792,0.03306800127029419
0.09601396322250366,-0.03020837903022766,0.8140888214111328
0.12526389956474304,-0.008874982595443726,1.0586020946502686
0.07171517610549927,0.007679343223571777,1.1395275592803955
0.14884443581104279,8.028745651245117e-05,1.2178382873535156
0.09403550624847412,-0.13757768273353577,1.0092220306396484
-0.002297051250934601,-0.23010088503360748,0.794008195400238
-0.15285152196884155,-0.18087303638458252,0.8189871311187744
0.13914717733860016,0.11836796998977661,0.9874800443649292
0.009228408336639404,0.2329089492559433,0.775409460067749
-0.18761283159255981,0.25034207105636597,0.8097256422042847
