-2.5554863896104507e-06,-7.448470569215715e-06,0.6038805246353149
0.051900167018175125,0.1255878061056137,0.598646879196167
-0.3294649124145508,0.21371209621429443,0.4488687217235565
-0.23535993695259094,0.10605615377426147,0.04155123233795166
-0.05190145969390869,-0.12559068202972412,0.6090508103370667
-0.32949596643447876,0.03409462422132492,0.46238160133361816
-0.21774166822433472,-0.09605175256729126,0.05466073751449585
0.043510302901268005,-0.02103160321712494,0.8268212080001831
0.025537855923175812,0.01649579405784607,1.0761488676071167
-0.03253186494112015,0.04100090265274048,1.1603929996490479
0.03643970564007759,0.026831984519958496,1.243060827255249
-0.016862034797668457,-0.11288699507713318,1.025672197341919
-0.1008511632680893,-0.17153778672218323,0.7879945635795593
-0.23949238657951355,-0.11085385084152222,0.7071818709373474
0.06202418729662895,0.13949942588806152,0.9988869428634644
-0.04497937858104706,0.2575512230396271,0.768424391746521
-0.2629324197769165,0.3139885663986206,0.782159149646759
