5.341513315215707e-06,-1.1424413969507441e-05,0.6038874983787537
0.03194213658571243,0.13174685835838318,0.5960809588432312
-0.3448427617549896,0.17764204740524292,0.42278945446014404
-0.2187921106815338,0.07881629467010498,0.041025638580322266
-0.0319451205432415,-0.13174977898597717,0.6116182208061218
-0.3730679750442505,-0.011809393763542175,0.43047863245010376
-0.2368364781141281,-0.1140095591545105,0.032590508460998535
0.1450355499982834,-0.04091373085975647,0.788718044757843
0.21954581141471863,-0.04123184084892273,1.018383264541626
0.1659184992313385,-0.029998362064361572,1.091816782951355
0.24225245416164398,-0.03467482328414917,1.171273112297058
0.18817780911922455,-0.17011281847953796,0.9641120433807373
0.0685206800699234,-0.24738891422748566,0.7625724077224731
-0.05726020038127899,-0.20341713726520538,0.8217333555221558
0.22023969888687134,0.08763369917869568,0.9596924781799316
0.06742717325687408,0.2161053717136383,0.7809990644454956
-0.11633417010307312,0.21081259846687317,0.8185948729515076
