-9.385048542753793e-07,-8.587821866967715e-06,0.6038817167282104
0.04250846803188324,0.1308196634054184,0.5976841449737549
-0.3480503559112549,0.18936815857887268,0.44649848341941833
-0.2532687783241272,0.09039890766143799,0.04584628343582153
-0.04250979796051979,-0.1308220624923706,0.6100142598152161
-0.3472597599029541,0.004958361387252808,0.4508334994316101
-0.23546306788921356,-0.10626167058944702,0.039115726947784424
0.08836962282657623,-0.028589606285095215,0.8173453211784363
0.11085402965545654,-0.004139602184295654,1.0652254819869995
0.06451472640037537,0.014295220375061035,1.1516543626785278
0.14094509184360504,0.0010835528373718262,1.2269527912139893
0.07283973693847656,-0.1320430338382721,1.0151026248931885
-0.027552803978323936,-0.21281462907791138,0.7969269752502441
-0.17577193677425385,-0.15986377000808716,0.8131515979766846
0.12977921962738037,0.1225222647190094,0.9920026063919067
0.001264035701751709,0.23553594946861267,0.7756905555725098
-0.20736545324325562,0.2594589591026306,0.8064044713973999
