-9.581272024661303e-07,-8.237177098635584e-06,0.6038822531700134
0.043991945683956146,0.12871891260147095,0.5970790386199951
-0.3426249921321869,0.1957351565361023,0.4494090676307678
-0.24864819645881653,0.09439849853515625,0.05042296648025513
-0.043993476778268814,-0.12872129678726196,0.610619068145752
-0.34543973207473755,0.010589763522148132,0.45655232667922974
-0.23810841143131256,-0.103240966796875,0.04650533199310303
0.08566401898860931,-0.026889637112617493,0.8176498413085938
0.11229531466960907,-0.0033273398876190186,1.0654044151306152
0.0664949044585228,0.017526566982269287,1.1492750644683838
0.14043429493904114,0.003998279571533203,1.2276062965393066
0.07257980853319168,-0.12909939885139465,1.0177078247070312
-0.02983745187520981,-0.20391400158405304,0.8017381429672241
-0.17487746477127075,-0.14078937470912933,0.8119239211082458
0.13109830021858215,0.1211201548576355,0.9902299046516418
-0.0032804831862449646,0.2336394190788269,0.7752089500427246
-0.20330756902694702,0.26856282353401184,0.8177886605262756
