-2.627688900247449e-06,-7.220791303552687e-06,0.6038805842399597
0.053163040429353714,0.12494485080242157,0.5981826782226562
-0.32838571071624756,0.22065137326717377,0.45314711332321167
-0.23380059003829956,0.10994306206703186,0.04588735103607178
-0.05316462740302086,-0.12494824826717377,0.6095148324966431
-0.3272230327129364,0.040818288922309875,0.4668819308280945
-0.21505531668663025,-0.09171062707901001,0.05863761901855469
0.03850310668349266,-0.019882231950759888,0.8273926973342896
0.015976956114172935,0.019216150045394897,1.076866865158081
-0.04126828908920288,0.044017672538757324,1.1623780727386475
0.028731856495141983,0.026698708534240723,1.2426295280456543
-0.026362305507063866,-0.11043006181716919,1.0273499488830566
-0.10533183813095093,-0.17052072286605835,0.7875291705131531
-0.24216234683990479,-0.11606757342815399,0.7026175856590271
0.054419443011283875,0.14277833700180054,0.9994684457778931
-0.050475507974624634,0.2611088752746582,0.7665456533432007
-0.27052128314971924,0.3187705874443054,0.7848584651947021
