4.395546056912281e-06,-1.148291994468309e-05,0.6038932800292969
0.027918530628085136,0.13200484216213226,0.5981599688529968
-0.33161693811416626,0.18803060054779053,0.3869170844554901
-0.1543402075767517,0.08547592163085938,0.022125959396362305
-0.02792159840464592,-0.13200689852237701,0.6095399856567383
-0.37427574396133423,-0.029887735843658447,0.3925939202308655
-0.21698471903800964,-0.12076371908187866,0.004575371742248535
0.15424153208732605,-0.04445265233516693,0.7770131230354309
0.2444601058959961,-0.06031697988510132,0.9951935410499573
0.19672416150569916,-0.05688440799713135,1.0646021366119385
0.27247992157936096,-0.06080365180969238,1.1448674201965332
0.2257523536682129,-0.18510322272777557,0.9379773736000061
0.12596744298934937,-0.27439650893211365,0.7413479685783386
-0.02160739153623581,-0.2445320188999176,0.7323041558265686
0.22910693287849426,0.06911960244178772,0.9482880234718323
0.04074927791953087,0.211460679769516,0.8158966302871704
-0.16729328036308289,0.22984488308429718,0.8345156908035278
