3.6998017094447277e-06,-1.2349795724730939e-05,0.6038919687271118
0.03052270971238613,0.13051919639110565,0.5950414538383484
-0.35009706020355225,0.17864498496055603,0.42033880949020386
-0.2152423858642578,0.06940135359764099,0.04144781827926636
-0.03052411414682865,-0.13052284717559814,0.6126571893692017
-0.37893807888031006,-0.011931762099266052,0.41895851492881775
-0.23188766837120056,-0.10500246286392212,0.02950376272201538
0.15670832991600037,-0.04861333221197128,0.7788390517234802
0.25430962443351746,-0.05394771695137024,0.9982590079307556
0.21964207291603088,-0.03888407349586487,1.0758965015411377
0.29970669746398926,-0.05258023738861084,1.146359920501709
0.21329358220100403,-0.18149347603321075,0.948696494102478
0.06720331311225891,-0.25855815410614014,0.7552051544189453
-0.0346473753452301,-0.19722750782966614,0.8696416020393372
0.2566240429878235,0.07258740067481995,0.9387426376342773
0.1058848649263382,0.2041633129119873,0.7615948915481567
-0.055375874042510986,0.19491185247898102,0.8493068218231201
