7.320591066672932e-07,-9.41697544476483e-06,0.6038835048675537
0.046547386795282364,0.12806212902069092,0.5980165004730225
-0.338107168674469,0.19757331907749176,0.4467378854751587
-0.23968032002449036,0.09320476651191711,0.04627019166946411
-0.046548835933208466,-0.12806399166584015,0.6096810102462769
-0.3376668095588684,0.020643532276153564,0.45264890789985657
-0.23046258091926575,-0.10107964277267456,0.044729411602020264
0.07642201334238052,-0.02874813973903656,0.8202036023139954
0.08919662237167358,-0.00045740604400634766,1.0693447589874268
0.03604252636432648,0.02046966552734375,1.1483564376831055
0.10285049676895142,0.011714637279510498,1.233234167098999
0.04905712604522705,-0.12721577286720276,1.020648717880249
-0.04543668031692505,-0.19496941566467285,0.7943257093429565
-0.1850096583366394,-0.13620710372924805,0.7735506892204285
0.11530481278896332,0.12173911929130554,0.9938153624534607
-0.004046864807605743,0.23997783660888672,0.7683607339859009
-0.20980367064476013,0.27507221698760986,0.796410083770752
