3.7237778087728657e-06,-1.248724220204167e-05,0.6038964986801147
0.024850666522979736,0.13037902116775513,0.5981066226959229
-0.33993422985076904,0.1816985309123993,0.39098894596099854
-0.17296718060970306,0.08248317241668701,0.022751271724700928
-0.024853462353348732,-0.13038134574890137,0.6095935106277466
-0.37538421154022217,-0.03358423709869385,0.3984656035900116
-0.21376031637191772,-0.11222809553146362,0.007710516452789307
0.16242723166942596,-0.04894283413887024,0.7701042294502258
0.2698901891708374,-0.07123866677284241,0.9771110415458679
0.24638542532920837,-0.0687723457813263,1.0508183240890503
0.33818018436431885,-0.08308231830596924,1.1116224527359009
0.24455487728118896,-0.19176889955997467,0.9215138554573059
0.13184009492397308,-0.2827916443347931,0.7317389249801636
-0.014119170606136322,-0.23548480868339539,0.7752374410629272
0.25646984577178955,0.058954834938049316,0.9323668479919434
0.07794120162725449,0.20350588858127594,0.7922737002372742
-0.1384645700454712,0.25827908515930176,0.8017117381095886
