3.842402293230407e-06,-1.2440177670214325e-05,0.6038951873779297
0.024662798270583153,0.13077124953269958,0.5986946821212769
-0.34290575981140137,0.1803048551082611,0.39690759778022766
-0.18028214573860168,0.08640351891517639,0.022224247455596924
-0.02466565929353237,-0.13077351450920105,0.6090055704116821
-0.3761724531650543,-0.03467762470245361,0.4005200266838074
-0.21869198977947235,-0.11114734411239624,0.00817042589187622
0.1616741567850113,-0.048327185213565826,0.7709368467330933
0.2674979567527771,-0.06989318132400513,0.9791476726531982
0.2423962652683258,-0.06592592597007751,1.0514088869094849
0.3356749415397644,-0.08143621683120728,1.1128113269805908
0.24251937866210938,-0.190542533993721,0.9237340092658997
0.1304960548877716,-0.2816188335418701,0.7343100309371948
-0.014782354235649109,-0.2352730631828308,0.7740243077278137
0.2535845637321472,0.06072038412094116,0.9343327879905701
0.0715678334236145,0.20526543259620667,0.795671820640564
-0.14328622817993164,0.25481027364730835,0.8023636341094971
