3.6533965612761676e-06,-1.2557320587802678e-05,0.6038964986801147
0.0247039832174778,0.1305139660835266,0.5978624224662781
-0.3378605842590332,0.18196162581443787,0.3896739184856415
-0.1660292148590088,0.08006671071052551,0.024609625339508057
-0.024706726893782616,-0.13051661849021912,0.6098375916481018
-0.37371328473091125,-0.03296145796775818,0.3952738344669342
-0.2084510773420334,-0.11513972282409668,0.008133411407470703
0.1624344140291214,-0.04826148599386215,0.7703563570976257
0.2696227431297302,-0.07090193033218384,0.9782203435897827
0.24382582306861877,-0.06902772188186646,1.05258047580719
0.33520328998565674,-0.08270061016082764,1.1148545742034912
0.24471309781074524,-0.19265371561050415,0.9222767353057861
0.13212889432907104,-0.28361275792121887,0.7337036728858948
-0.01344481110572815,-0.23715662956237793,0.7724801898002625
0.2558349370956421,0.059814006090164185,0.9325684905052185
0.07778432965278625,0.20498287677764893,0.7929563522338867
-0.1398741602897644,0.25839871168136597,0.8035656213760376
