-7.008497959759552e-06,-8.319082553498447e-06,0.9357118606567383
0.06624172627925873,0.07327421009540558,0.9305473566055298
-0.07697692513465881,0.05462634563446045,0.46608924865722656
-0.06463246047496796,-0.04455852508544922,0.030229151248931885
-0.06623964011669159,-0.0732758566737175,0.9407612085342407
-0.010657254606485367,-0.14205771684646606,0.4660722613334656
0.12512218952178955,-0.25860464572906494,0.042651355266571045
0.04890049993991852,-0.030866876244544983,1.18552565574646
0.03779706358909607,-0.02482178807258606,1.426332712173462
-0.02703690528869629,0.005902409553527832,1.4861810207366943
-0.02007170394062996,-0.03379178047180176,1.5705046653747559
-0.01421286165714264,-0.1100747287273407,1.3503162860870361
-0.0888969898223877,-0.20111298561096191,1.0868902206420898
-0.204043447971344,-0.08046655356884003,1.0534416437149048
0.10493031144142151,0.04628768563270569,1.3655625581741333
0.21769428253173828,0.07643601298332214,1.132394790649414
0.10578828305006027,0.1461314558982849,1.0144617557525635
