-1.6302146832458675e-06,-1.3042950740782544e-05,0.9357083439826965
0.10959243774414062,0.015672070905566216,0.9416762590408325
0.04081291705369949,0.019882678985595703,0.49738749861717224
0.0681966245174408,-0.13826733827590942,0.07154762744903564
-0.10959341377019882,-0.015683235600590706,0.9296313524246216
-0.041887033730745316,-0.09828850626945496,0.46338480710983276
0.06607231497764587,-0.23998218774795532,0.03932929039001465
0.011898897588253021,-0.020365729928016663,1.1777414083480835
0.01705898530781269,0.025442183017730713,1.4305890798568726
0.018481310456991196,0.10837805271148682,1.505700945854187
0.01677757501602173,0.07795989513397217,1.6157526969909668
-0.08987942337989807,0.007065951824188232,1.3520259857177734
-0.21806806325912476,-0.026179075241088867,1.091368556022644
-0.1050514280796051,0.08894845843315125,1.124206304550171
0.1299692988395691,0.017791301012039185,1.3656036853790283
0.2750653028488159,-0.020445987582206726,1.1227778196334839
0.20840325951576233,0.1343182623386383,1.0335111618041992
