-3.4254935599165037e-06,-7.65501317800954e-06,0.9356982707977295
-0.0477936752140522,-0.10070033371448517,0.9548859596252441
0.013083741068840027,-0.2252117395401001,0.5426164865493774
-0.18717235326766968,-0.2645665407180786,0.15350627899169922
0.04778747260570526,0.10068553686141968,0.9164285063743591
-0.002589479088783264,-0.009761303663253784,0.486852765083313
-0.12215663492679596,-0.07071882486343384,0.052360355854034424
-0.03390461206436157,0.035692229866981506,1.1685032844543457
-0.0030169934034347534,0.062165915966033936,1.4083482027053833
0.06222354993224144,0.066261887550354,1.4800028800964355
0.04731759801506996,0.10135310888290405,1.5788462162017822
0.047036170959472656,0.154008686542511,1.327620506286621
0.10094226151704788,0.23894117772579193,1.0670164823532104
0.17338478565216064,0.07063406705856323,1.037300705909729
-0.0742548257112503,-0.035935431718826294,1.3574490547180176
-0.16779473423957825,-0.12845316529273987,1.1285552978515625
-0.0233708918094635,-0.18607722222805023,1.0647189617156982
