-8.05802301329095e-06,-1.0101699444931e-05,0.9357084035873413
-0.03920755535364151,0.10226641595363617,0.9307783842086792
-0.16644251346588135,0.0049727559089660645,0.4842366576194763
-0.06164240837097168,-0.11765187978744507,0.06640499830245972
0.03919512778520584,-0.10228981077671051,0.9405330419540405
-0.08508873730897903,-0.1287667155265808,0.4717041254043579
-0.10437440872192383,-0.148512601852417,0.019614040851593018
0.050151925534009933,0.021459460258483887,1.183501124382019
0.031202930957078934,-0.02028632164001465,1.4201736450195312
-0.029372239485383034,-0.05614650249481201,1.4593311548233032
-0.026784315705299377,-0.0596315860748291,1.5741925239562988
0.08836905658245087,-0.11284759640693665,1.3281052112579346
0.10740947723388672,-0.21990570425987244,1.0569270849227905
-0.058260317891836166,-0.23430994153022766,1.019214153289795
-0.020297370851039886,0.08634316921234131,1.377186894416809
-0.07182575762271881,0.17036736011505127,1.133954405784607
-0.18626785278320312,0.11979658901691437,1.0184394121170044
