-1.0372303222538903e-05,-3.184395609423518e-06,0.9356989860534668
0.009798333048820496,0.11568158119916916,0.9306235313415527
-0.15598812699317932,0.05333799123764038,0.49753516912460327
-0.00944788008928299,-0.08541792631149292,0.08614844083786011
-0.009809393435716629,-0.11570282280445099,0.9406857490539551
-0.05943252891302109,-0.12253093719482422,0.4660392999649048
0.02716904878616333,-0.15645205974578857,0.013602852821350098
0.05212705209851265,0.0033462196588516235,1.1775156259536743
0.038938067853450775,0.005727440118789673,1.4397159814834595
-0.013467319309711456,-0.011053144931793213,1.5148741006851196
0.023218542337417603,0.006483852863311768,1.6201095581054688
0.043514102697372437,-0.11298319697380066,1.3674395084381104
-0.01694120466709137,-0.24128150939941406,1.1271121501922607
-0.17507034540176392,-0.17997191846370697,1.119703769683838
0.05181579291820526,0.12438023090362549,1.378989815711975
0.1060747429728508,0.22304517030715942,1.141129970550537
-0.03901606798171997,0.24339313805103302,1.0297096967697144
