-3.8056359699112363e-06,-9.783798304852098e-06,0.9357021450996399
0.002968907356262207,-0.11691291630268097,0.9509218335151672
-0.01790297031402588,-0.18039360642433167,0.5182591676712036
-0.14879435300827026,-0.22887307405471802,0.09390687942504883
-0.0029736310243606567,0.11689678579568863,0.9203904867172241
0.05242177098989487,-0.026815444231033325,0.5065944194793701
-0.10878080874681473,-0.15012836456298828,0.10315549373626709
-0.04522710293531418,0.02615530788898468,1.1646758317947388
-0.014948144555091858,0.06275549530982971,1.4052138328552246
0.060124363750219345,0.09010565280914307,1.471529483795166
0.03515872359275818,0.1183159351348877,1.5705269575119019
-0.018315285444259644,0.16729500889778137,1.3319437503814697
-0.0618186891078949,0.26304420828819275,1.0860092639923096
0.062435880303382874,0.162883460521698,1.022627353668213
-0.03451620042324066,-0.061055988073349,1.3488044738769531
-0.021026257425546646,-0.2176838517189026,1.115797758102417
0.14674994349479675,-0.20514993369579315,1.0854624509811401
