-1.4879869922879152e-06,-1.313729808316566e-05,0.9357028007507324
0.08431699872016907,-0.07441684603691101,0.9447625279426575
0.051241517066955566,-0.154428631067276,0.5037419199943542
-0.057929255068302155,-0.3147823214530945,0.10269266366958618
-0.08432351052761078,0.07439567893743515,0.9265486598014832
-0.01619092933833599,0.023776620626449585,0.4829593002796173
-0.04344591498374939,-0.10757756233215332,0.059552669525146484
-0.02129344269633293,0.0036385655403137207,1.174917459487915
-0.009433180093765259,0.06011199951171875,1.420538306236267
0.03572603687644005,0.12498593330383301,1.484419822692871
0.012861162424087524,0.10110676288604736,1.5910131931304932
-0.09410402178764343,0.11339437961578369,1.3460944890975952
-0.18929815292358398,0.11317183077335358,1.0867582559585571
-0.08775080740451813,0.1665295660495758,1.020574688911438
0.06971825659275055,-0.022768259048461914,1.3604711294174194
0.18808728456497192,-0.08953481167554855,1.1115270853042603
0.16902318596839905,0.06082671880722046,1.1255226135253906
