-4.52061794931069e-06,-8.326467650476843e-06,0.9356976747512817
0.04385308921337128,-0.10442186892032623,0.9445042610168457
0.09600883722305298,-0.1816507875919342,0.5323479175567627
-0.038152456283569336,-0.29028892517089844,0.12788015604019165
-0.043858952820301056,0.10440561175346375,0.9268093109130859
-0.0787670910358429,0.01612246036529541,0.5044897794723511
-0.17926901578903198,-0.10101556777954102,0.08520424365997314
-0.029378723353147507,-0.011944800615310669,1.1638963222503662
0.014227930456399918,0.019322991371154785,1.4088070392608643
0.08613710105419159,0.05869293212890625,1.4698184728622437
0.07429943233728409,0.061186134815216064,1.5778918266296387
-0.02856963872909546,0.11184293031692505,1.3464179039001465
-0.12279053032398224,0.20536395907402039,1.1036795377731323
-0.11655174195766449,0.2590009570121765,0.907686710357666
0.02626500278711319,-0.09155791997909546,1.3369016647338867
0.03793250024318695,-0.21965259313583374,1.079573631286621
0.1632671058177948,-0.2091396301984787,0.9221763610839844
