-8.159705430443864e-06,-1.0032155842054635e-05,0.9357037544250488
0.014933384954929352,-0.11813975870609283,0.9530479311943054
0.04080190509557724,-0.18994605541229248,0.5207897424697876
-0.07152627408504486,-0.26917344331741333,0.09945285320281982
-0.014938585460186005,0.11812199652194977,0.918264627456665
0.009245151653885841,-0.012658149003982544,0.4982772469520569
-0.19707278907299042,-0.12832820415496826,0.1182166337966919
-0.05214995890855789,0.03393302857875824,1.1647512912750244
-0.022397570312023163,0.07073304057121277,1.3981443643569946
0.05186722055077553,0.10334128141403198,1.46107816696167
0.02024412527680397,0.13341081142425537,1.5568068027496338
-0.026918739080429077,0.17561662197113037,1.321561336517334
-0.042384564876556396,0.26526373624801636,1.0619051456451416
0.09114788472652435,0.1639341413974762,1.0354721546173096
-0.03788165748119354,-0.05443045496940613,1.3449528217315674
-0.05047211796045303,-0.19509179890155792,1.1050695180892944
0.12073293328285217,-0.20127706229686737,1.0603737831115723
