-6.63443461235147e-06,-6.651313015026972e-06,0.9357005953788757
0.03692873567342758,0.10796858370304108,0.9300620555877686
-0.04678705334663391,0.04619291424751282,0.4585009217262268
0.004754498600959778,-0.04723715782165527,0.007651686668395996
-0.03693275898694992,-0.107987180352211,0.9412457942962646
-0.13861605525016785,-0.14949160814285278,0.4840397536754608
0.06583042442798615,-0.29937708377838135,0.12191534042358398
0.061931975185871124,-0.005517512559890747,1.1737871170043945
0.04919886961579323,0.0076614320278167725,1.433633804321289
-0.00964244082570076,0.010466575622558594,1.5070295333862305
0.021821154281497,0.011543452739715576,1.61483895778656
0.03523385524749756,-0.10441547632217407,1.3571690320968628
0.011195018887519836,-0.20165711641311646,1.0852341651916504
-0.14483948051929474,-0.14641256630420685,1.002803921699524
0.07651777565479279,0.12177079916000366,1.3608113527297974
0.07605834305286407,0.21512985229492188,1.0921586751937866
-0.12337446212768555,0.21384933590888977,1.0505778789520264
