1.2642335605050903e-06,-1.7247642972506583e-05,0.9357210993766785
-0.09675782173871994,0.04050816223025322,0.9441357851028442
-0.15488556027412415,-0.06392550468444824,0.4785982072353363
-0.17514553666114807,-0.09602236747741699,0.025496363639831543
0.0967540293931961,-0.0405215322971344,0.9271857142448425
-0.010914787650108337,-0.1700042486190796,0.4811396598815918
-0.06402582675218582,-0.22232651710510254,0.03368556499481201
0.02021079696714878,0.026471540331840515,1.1746740341186523
0.01519814319908619,-0.032055288553237915,1.3623216152191162
0.009495526552200317,-0.09635025262832642,1.3425745964050293
0.005311263725161552,-0.09530431032180786,1.445831060409546
0.11413362622261047,-0.062346041202545166,1.3058607578277588
0.16994205117225647,-0.10346336662769318,1.0237125158309937
0.0897640585899353,-0.1929481476545334,1.013337254524231
-0.08034025132656097,0.016627341508865356,1.3200796842575073
-0.17562326788902283,0.04722869396209717,1.100948452949524
-0.12796351313591003,-0.052161939442157745,1.071293592453003
