-5.355722350941505e-06,-7.629652827745304e-06,0.9356980323791504
-0.03098307177424431,-0.11057864874601364,0.9543412327766418
0.011846192181110382,-0.22081676125526428,0.5309534072875977
-0.19440415501594543,-0.2616685628890991,0.13911598920822144
0.03097710944712162,0.1105634868144989,0.9169723391532898
0.012599550187587738,-0.021293610334396362,0.4865782558917999
-0.10459281504154205,-0.10195988416671753,0.05802631378173828
-0.04551646113395691,0.039320871233940125,1.1691094636917114
-0.009945236146450043,0.07524830102920532,1.4077228307724
0.06113404408097267,0.08872675895690918,1.4816155433654785
0.04149467498064041,0.11869585514068604,1.5800530910491943
0.02496527135372162,0.17633149027824402,1.3263659477233887
0.06988026201725006,0.268920361995697,1.0650875568389893
0.1589261293411255,0.09663179516792297,1.0526707172393799
-0.06921538710594177,-0.03832337260246277,1.3568021059036255
-0.14132291078567505,-0.1552513837814331,1.119425654411316
0.03786154091358185,-0.20541413128376007,1.0754191875457764
