-4.4426769818528555e-06,-1.0329462384106591e-05,0.9356990456581116
0.05025455355644226,-0.10978733748197556,0.9544497132301331
0.11400903761386871,-0.18530982732772827,0.5272881984710693
-0.006889283657073975,-0.3147251605987549,0.12766367197036743
-0.05026129633188248,0.10976705700159073,0.916864275932312
-0.031472109258174896,7.966160774230957e-05,0.48534566164016724
-0.11394154280424118,-0.1324836015701294,0.0730217695236206
-0.03610651195049286,0.017110899090766907,1.169079303741455
-0.012087039649486542,0.06913644075393677,1.415283203125
0.05807393044233322,0.12555134296417236,1.4810478687286377
0.027640096843242645,0.12717700004577637,1.5861554145812988
-0.050918109714984894,0.16770517826080322,1.3414349555969238
-0.07461917400360107,0.24219805002212524,1.0868682861328125
0.07537952065467834,0.20406652987003326,1.0686299800872803
0.0055216457694768906,-0.05739590525627136,1.3600496053695679
0.02685502916574478,-0.19336625933647156,1.1203224658966064
0.13553470373153687,-0.13340578973293304,1.0403838157653809
