1.5146179066505283e-07,-9.21548780752346e-06,0.9356918334960938
-0.10975144058465958,-0.03611087426543236,0.9554905295372009
-0.08072870969772339,-0.20780158042907715,0.5333533883094788
-0.15599945187568665,-0.2540048360824585,0.0916326642036438
0.10974163562059402,0.036087602376937866,0.9158233404159546
-0.008194148540496826,-0.03271317481994629,0.47351592779159546
-0.14357176423072815,-0.01488804817199707,0.03155142068862915
-0.002374928444623947,0.05582147836685181,1.1611357927322388
0.02589421160519123,0.054819464683532715,1.4037805795669556
0.04856462776660919,0.006833910942077637,1.4821362495422363
0.05238407105207443,0.052095234394073486,1.5770107507705688
0.13381385803222656,0.07390972971916199,1.317060947418213
0.22094911336898804,0.06345019489526749,1.0520672798156738
0.13006249070167542,-0.07582981139421463,1.044907808303833
-0.09577764570713043,0.04317981004714966,1.353855848312378
-0.2583230435848236,0.04079228639602661,1.134332299232483
-0.18867269158363342,-0.11853761225938797,1.0640597343444824
