-7.432460733980406e-06,-5.073979991720989e-06,0.935695469379425
0.02230682782828808,0.11673776060342789,0.9282531142234802
-0.12383482605218887,0.04900848865509033,0.4886147975921631
0.06654395163059235,-0.11887556314468384,0.10591012239456177
-0.02231726236641407,-0.11675634980201721,0.9430563449859619
-0.09137198328971863,-0.12179708480834961,0.47174012660980225
-0.019368812441825867,-0.16805291175842285,0.022043824195861816
0.05384339764714241,0.0009839534759521484,1.1743216514587402
0.04269900918006897,0.007755875587463379,1.4379160404205322
-0.012376198545098305,0.002866089344024658,1.5147795677185059
0.02779604308307171,0.015171527862548828,1.6177012920379639
0.038633108139038086,-0.11342954635620117,1.370323657989502
-0.015117041766643524,-0.24190396070480347,1.128412127494812
-0.1792783886194229,-0.1725788116455078,1.1240079402923584
0.06449755281209946,0.12753897905349731,1.3729676008224487
0.11422430723905563,0.23293522000312805,1.129084587097168
-0.06226798892021179,0.25258660316467285,1.0475214719772339
