-4.367614565126132e-06,-1.051344588631764e-05,0.9356997013092041
0.10463951528072357,-0.02875436097383499,0.9446789622306824
0.07439008355140686,-0.11971288919448853,0.5074548125267029
-0.02213636040687561,-0.32632315158843994,0.12864863872528076
-0.10464470088481903,0.028735283762216568,0.926630437374115
-0.0417926162481308,-0.02678665518760681,0.4684736728668213
0.00737173855304718,-0.14759230613708496,0.03386735916137695
-0.003963405732065439,-0.006398633122444153,1.1741312742233276
0.001041647046804428,0.05004793405532837,1.430209755897522
0.0257820263504982,0.12869250774383545,1.506076455116272
0.016924060881137848,0.09499216079711914,1.6153876781463623
-0.10382527112960815,0.05720058083534241,1.3496848344802856
-0.21340179443359375,0.030301392078399658,1.0882304906845093
-0.11235848069190979,0.1202172338962555,1.056261420249939
0.10830514132976532,0.0137501060962677,1.3655766248703003
0.23807917535305023,-0.012138783931732178,1.1063027381896973
0.14264477789402008,0.15619775652885437,1.0801146030426025
