-1.457121288694907e-05,-2.72547549684532e-06,0.9357050657272339
-0.037570297718048096,0.1093723326921463,0.9334754943847656
-0.19552719593048096,0.03995862603187561,0.4947507977485657
-0.2646492123603821,0.009836554527282715,0.04993903636932373
0.03755824267864227,-0.10939951241016388,0.9378357529640198
0.023154214024543762,-0.14415651559829712,0.4621821641921997
0.14482620358467102,-0.16143226623535156,0.026202261447906494
0.04838588833808899,0.018275082111358643,1.1793770790100098
0.039117347449064255,0.004171103239059448,1.4326808452606201
-0.008976486511528492,-0.03787064552307129,1.507039189338684
0.027934348210692406,-0.01657843589782715,1.6072694063186646
0.08083187788724899,-0.10578376054763794,1.3431801795959473
0.04738892614841461,-0.24253180623054504,1.0901364088058472
-0.11618927866220474,-0.2243904024362564,1.0616754293441772
0.008979149162769318,0.12336751818656921,1.3814685344696045
0.028133302927017212,0.21842990815639496,1.1588404178619385
-0.06302183866500854,0.2271481603384018,1.0514426231384277
