2.027315531449858e-06,-1.7435511836083606e-05,0.9357166290283203
-0.09869913011789322,0.031156210228800774,0.9462824463844299
-0.1582857370376587,-0.08378738164901733,0.48620402812957764
-0.18071117997169495,-0.11391204595565796,0.032528042793273926
0.09869427978992462,-0.03117038868367672,0.9250375032424927
-0.018519200384616852,-0.14699384570121765,0.47655725479125977
-0.07356833666563034,-0.17574858665466309,0.028153598308563232
0.019706252962350845,0.03154763579368591,1.1715737581253052
0.022184813395142555,-0.020797699689865112,1.3666518926620483
0.020652003586292267,-0.0855843722820282,1.3495534658432007
0.017462238669395447,-0.07969129085540771,1.4566891193389893
0.12121608108282089,-0.045092999935150146,1.3047024011611938
0.1712999939918518,-0.0929470807313919,1.0220704078674316
0.09444980323314667,-0.17644909024238586,1.0048792362213135
-0.08007705956697464,0.016825616359710693,1.3230196237564087
-0.18572425842285156,0.0053519755601882935,1.094740390777588
-0.14026792347431183,-0.10740267485380173,1.0609971284866333
