-4.4426969907362945e-06,-1.0780906450236216e-05,0.8787292242050171
0.10714191198348999,-0.03706922382116318,0.8831557035446167
0.08273455500602722,-0.11455199122428894,0.42821192741394043
0.03271152079105377,-0.2709329128265381,0.0030291080474853516
-0.10714854300022125,0.03705102205276489,0.8742190003395081
-0.15720710158348083,-0.03377002477645874,0.42330247163772583
-0.21615734696388245,-0.18909215927124023,0.002209484577178955
-0.01189742237329483,-0.02831965684890747,1.115371823310852
0.013134348206222057,0.027131319046020508,1.358661413192749
0.0511598140001297,0.11666381359100342,1.4246490001678467
0.050967954099178314,0.09614831209182739,1.5320651531219482
-0.08869339525699615,0.04796132445335388,1.28934645652771
-0.19521020352840424,0.03828054666519165,1.0197241306304932
-0.18593251705169678,0.08848540484905243,0.8176192045211792
0.1034979373216629,-0.021067023277282715,1.2779098749160767
0.18906719982624054,-0.08658236265182495,1.0069648027420044
0.2104368358850479,-0.007995698601007462,0.8309659957885742
