-1.4599518181057647e-06,-1.1710890248650685e-05,0.8787310719490051
0.10665344446897507,-0.03877959027886391,0.8833269476890564
0.05419030040502548,-0.10951179265975952,0.4368465542793274
-0.027247264981269836,-0.2516176104545593,0.00917971134185791
-0.10665567219257355,0.038766514509916306,0.874051034450531
-0.1755077838897705,-0.0035405755043029785,0.4330146610736847
-0.2653886079788208,-0.13834577798843384,0.005729496479034424
-0.015403682366013527,-0.02428707480430603,1.111056923866272
-0.024080678820610046,0.02165520191192627,1.3571240901947021
-0.0008122175931930542,0.1132810115814209,1.4124209880828857
-0.008328758180141449,0.09743887186050415,1.5229697227478027
-0.13135448098182678,0.03399887681007385,1.2846074104309082
-0.2614353895187378,0.038239121437072754,1.0431849956512451
-0.314701110124588,0.17193080484867096,1.067974328994751
0.08099737763404846,-0.03174474835395813,1.2982358932495117
0.24432361125946045,-0.10933758318424225,1.0767828226089478
0.36562108993530273,-0.0037596523761749268,1.1298673152923584
