-1.437489117961377e-06,-1.1236628779442981e-05,0.8787336349487305
0.10948160290718079,-0.034394700080156326,0.8826043009757996
0.05091217905282974,-0.1024896502494812,0.4361152946949005
-0.027164503931999207,-0.24845480918884277,0.011319100856781006
-0.10948357731103897,0.03438232094049454,0.874774158000946
-0.17798200249671936,0.005141317844390869,0.4342547357082367
-0.26347893476486206,-0.12819409370422363,0.0069512128829956055
-0.004188830032944679,-0.024973779916763306,1.1107685565948486
-0.004351107403635979,0.019082725048065186,1.3559181690216064
0.017444398254156113,0.111605703830719,1.4110769033432007
0.013251304626464844,0.09600722789764404,1.521077275276184
-0.11582091450691223,0.02881336212158203,1.2869298458099365
-0.2555760145187378,0.03951938450336456,1.0577311515808105
-0.31313079595565796,0.16603106260299683,1.0949764251708984
0.10106045007705688,-0.031157195568084717,1.294451117515564
0.2623613178730011,-0.09283566474914551,1.0754870176315308
0.3705197274684906,0.01135525107383728,1.1361327171325684
