-1.7360325728077441e-06,-1.1776875908253714e-05,0.8787313103675842
0.10649964958429337,-0.03902041167020798,0.8832432627677917
0.054261475801467896,-0.1093323826789856,0.43603789806365967
-0.02574673295021057,-0.25059008598327637,0.00830984115600586
-0.10650187730789185,0.039007239043712616,0.8741347789764404
-0.17495182156562805,-0.0035590827465057373,0.43215346336364746
-0.26684093475341797,-0.1367095708847046,0.004562437534332275
-0.015470475889742374,-0.02357436716556549,1.1114702224731445
-0.02360532432794571,0.02272486686706543,1.3576408624649048
0.0008905455470085144,0.1140207052230835,1.4127026796340942
-0.006857022643089294,0.09784287214279175,1.523003101348877
-0.13074320554733276,0.035360246896743774,1.2848873138427734
-0.2612149119377136,0.03880785405635834,1.0430443286895752
-0.3124356269836426,0.17146995663642883,1.067126989364624
0.0813964381814003,-0.030746102333068848,1.298819899559021
0.24542009830474854,-0.10782510787248611,1.077729344367981
0.365776389837265,-0.002206146717071533,1.1301261186599731
