-3.216045570297865e-06,-7.350023224717006e-06,0.9528372883796692
0.136825829744339,-0.048448219895362854,0.9621932506561279
0.09256461262702942,-0.10060197114944458,0.4744538366794586
0.05742950737476349,-0.2317718267440796,0.031916022300720215
-0.1368299424648285,0.048432305455207825,0.9434053301811218
-0.173647940158844,0.023622870445251465,0.45685911178588867
-0.2388051152229309,-0.06246310472488403,0.014718353748321533
-0.010387028567492962,-0.02965487539768219,1.207648515701294
-0.015745611861348152,-0.003241300582885742,1.4671529531478882
0.012185312807559967,0.08140707015991211,1.5300836563110352
0.0005154386162757874,0.0375063419342041,1.6293437480926514
-0.15645059943199158,0.019710570573806763,1.4072465896606445
-0.4214096665382385,0.03536534309387207,1.317345142364502
-0.584620475769043,0.20935657620429993,1.2652567625045776
0.12512636184692383,-0.05796957015991211,1.431378960609436
0.40522515773773193,-0.1430974304676056,1.3934767246246338
0.6343449354171753,-0.03884860873222351,1.3927898406982422
