-1.739085291774245e-06,-7.561338861705735e-06,0.9528343677520752
0.1381572186946869,-0.041913118213415146,0.9595373272895813
0.11356446146965027,-0.09713387489318848,0.46935132145881653
0.10402746498584747,-0.2298482060432434,0.023998916149139404
-0.1381620168685913,0.04189933463931084,0.946058452129364
-0.17637832462787628,-0.0018200874328613281,0.4612596035003662
-0.22726967930793762,-0.08880490064620972,0.01393139362335205
-0.012650943361222744,-0.03407736122608185,1.2076067924499512
-0.010195530951023102,-0.009747534990310669,1.467936635017395
-0.01377733051776886,0.07975000143051147,1.5374709367752075
-0.014957953244447708,0.02898961305618286,1.6340185403823853
-0.15349316596984863,0.011808305978775024,1.4186574220657349
-0.4510765075683594,0.04171916842460632,1.3472610712051392
-0.6366912722587585,0.2155812382698059,1.3059747219085693
0.12834620475769043,-0.06277114152908325,1.414076805114746
0.3637068271636963,-0.16933974623680115,1.2755663394927979
0.5907093286514282,-0.08987836539745331,1.2209975719451904
