-1.8854129848477896e-06,-7.298087439266965e-06,0.9528316855430603
0.13967888057231903,-0.029840588569641113,0.961237370967865
0.11050719022750854,-0.08636116981506348,0.4764270782470703
0.10279875993728638,-0.2230585217475891,0.02934020757675171
-0.13968151807785034,0.029828203842043877,0.9443588852882385
-0.1812671720981598,-0.01108744740486145,0.45629629492759705
-0.22766850888729095,-0.10956442356109619,0.009988188743591309
0.0005839643999934196,-0.04684843122959137,1.2066214084625244
-0.00695271510630846,-0.02785906195640564,1.4695019721984863
8.67210328578949e-05,0.06153607368469238,1.5362292528152466
-0.006469234824180603,0.02616417407989502,1.6442975997924805
-0.145188570022583,-0.018255531787872314,1.4021384716033936
-0.4140792191028595,0.004729598760604858,1.2656869888305664
-0.5650739073753357,0.2019290328025818,1.3241617679595947
0.13375049829483032,-0.06923824548721313,1.4214770793914795
0.3908531069755554,-0.14657452702522278,1.3057771921157837
0.6188970804214478,-0.0432550311088562,1.2496509552001953
