1.5242449080687948e-06,-8.517201422364451e-06,0.9528278708457947
0.1343587338924408,-0.040944162756204605,0.9698355793952942
0.11764711141586304,-0.09232503175735474,0.48447516560554504
0.11432239413261414,-0.2391262650489807,0.051658689975738525
-0.13436126708984375,0.04093047231435776,0.935757040977478
-0.13820935785770416,-0.0423734188079834,0.4557638168334961
-0.14597541093826294,-0.15839654207229614,0.009525954723358154
-0.03735168278217316,-0.05748246610164642,1.2011529207229614
-0.026843197643756866,-0.0006088316440582275,1.4538865089416504
-0.00027019158005714417,0.0755496621131897,1.5443432331085205
-0.01081792265176773,0.023613333702087402,1.6385104656219482
-0.14888417720794678,0.026251286268234253,1.370800495147705
-0.27121540904045105,0.011388197541236877,1.1020164489746094
-0.30813562870025635,0.08200173079967499,0.8589780330657959
0.09158861637115479,-0.05247989296913147,1.380907654762268
0.18926367163658142,-0.11554008722305298,1.11236572265625
0.22483712434768677,-0.044700801372528076,0.8819574117660522
