-2.2480103325506207e-06,-7.631206244695932e-06,0.9528334736824036
0.1375436931848526,-0.042183101177215576,0.9606397747993469
0.11256524920463562,-0.10472983121871948,0.4730207026004791
0.09685921669006348,-0.240456223487854,0.028148412704467773
-0.13754792511463165,0.0421694815158844,0.9449564814567566
-0.17779791355133057,-0.002100318670272827,0.45969462394714355
-0.23476974666118622,-0.09528201818466187,0.015865981578826904
-0.016446033492684364,-0.030706584453582764,1.2073506116867065
-0.022573374211788177,-0.005297720432281494,1.4679054021835327
-0.026964515447616577,0.08117491006851196,1.5416984558105469
-0.028857149183750153,0.028264403343200684,1.6369307041168213
-0.16560232639312744,0.015960216522216797,1.4138298034667969
-0.4631293714046478,0.05504313111305237,1.3313930034637451
-0.6518787145614624,0.23587971925735474,1.3092906475067139
0.11700563132762909,-0.05769345164299011,1.4180182218551636
0.35352635383605957,-0.15895849466323853,1.2842621803283691
0.5836696028709412,-0.07870443165302277,1.2377995252609253
