1.229921508638654e-06,-7.944707249407656e-06,0.9528324604034424
0.13210390508174896,-0.048155784606933594,0.9584958553314209
0.06137147545814514,-0.10574281215667725,0.4723975956439972
0.008591331541538239,-0.21554791927337646,0.024396657943725586
-0.13210991024971008,0.04814039543271065,0.9471011161804199
-0.20655786991119385,0.052363812923431396,0.46225637197494507
-0.30967703461647034,-0.025030016899108887,0.02374023199081421
-0.01824769377708435,-0.028772130608558655,1.2084684371948242
-0.004496771842241287,-0.0011019706726074219,1.4695724248886108
0.02410324104130268,0.08409959077835083,1.530871868133545
0.025111805647611618,0.04298907518386841,1.6386792659759521
-0.14377045631408691,0.02661532163619995,1.4209867715835571
-0.4280276298522949,0.06019076704978943,1.312662959098816
-0.6234109401702881,0.2318708598613739,1.2538387775421143
0.12072782963514328,-0.06246498227119446,1.4111807346343994
0.350896418094635,-0.16772893071174622,1.289415955543518
0.5764304399490356,-0.07964611053466797,1.2411209344863892
