-1.803578925319016e-06,-7.1764352469472215e-06,0.952831506729126
0.13994324207305908,-0.030185546725988388,0.9610909819602966
0.11346057057380676,-0.0873461365699768,0.4765632450580597
0.10569998621940613,-0.22462016344070435,0.030154764652252197
-0.13994652032852173,0.030172742903232574,0.9445057511329651
-0.17831984162330627,-0.01417994499206543,0.45718151330947876
-0.2207401990890503,-0.11330580711364746,0.010393202304840088
0.00016827043145895004,-0.045099109411239624,1.2063828706741333
-0.004244966432452202,-0.027263909578323364,1.4698028564453125
0.002198684960603714,0.0622597336769104,1.53700852394104
-0.005239121615886688,0.026071488857269287,1.6440911293029785
-0.1440335214138031,-0.016110539436340332,1.4064390659332275
-0.41992008686065674,0.009192585945129395,1.2818026542663574
-0.5717164874076843,0.2072087526321411,1.3388001918792725
0.13609829545021057,-0.06986254453659058,1.4207007884979248
0.3910115957260132,-0.1482640653848648,1.3053879737854004
0.6177284121513367,-0.045478105545043945,1.2502633333206177
