-1.264518687094096e-06,-6.694943294860423e-06,0.9528301954269409
0.13784697651863098,-0.03316692262887955,0.9601325392723083
0.0851888507604599,-0.08826115727424622,0.47679319977760315
0.053513169288635254,-0.2115854024887085,0.02782595157623291
-0.13784919679164886,0.03315237909555435,0.9454622864723206
-0.18733161687850952,0.008128911256790161,0.45736485719680786
-0.25608569383621216,-0.08525478839874268,0.014204740524291992
-0.004190701991319656,-0.046696439385414124,1.20805823802948
-0.015515543520450592,-0.014703840017318726,1.4688129425048828
-0.0004557371139526367,0.07594436407089233,1.5304796695709229
-0.009957179427146912,0.04260611534118652,1.6418278217315674
-0.14847931265830994,-0.01037132740020752,1.3935534954071045
-0.39218783378601074,-0.0175439715385437,1.222947597503662
-0.5917550325393677,0.14953872561454773,1.201687216758728
0.12299181520938873,-0.05570387840270996,1.422142505645752
0.3579489588737488,-0.1390814185142517,1.2665387392044067
0.5447660088539124,-0.0323822945356369,1.139270544052124
