1.1196962077519856e-06,-7.645227015018463e-06,0.9528313875198364
0.10864850878715515,-0.07930681109428406,0.9650211334228516
0.0906471461057663,-0.1349133551120758,0.4725075364112854
0.058790743350982666,-0.2663719654083252,0.027749180793762207
-0.10865437984466553,0.07929153740406036,0.9405763149261475
-0.13972169160842896,0.04501008987426758,0.4516528248786926
-0.26498258113861084,0.001473844051361084,0.013609170913696289
-0.05596660077571869,-0.02206176519393921,1.2087340354919434
-0.04048705846071243,-0.02356421947479248,1.4666341543197632
0.004678536206483841,0.05254024267196655,1.5254607200622559
0.004183679819107056,0.016240179538726807,1.6351759433746338
-0.15446527302265167,0.043595850467681885,1.4296433925628662
-0.42700332403182983,0.13302865624427795,1.3493773937225342
-0.6087322235107422,0.3331589102745056,1.3314204216003418
0.048297539353370667,-0.11036306619644165,1.3860573768615723
0.2016896903514862,-0.264888733625412,1.1844693422317505
0.39317214488983154,-0.26789554953575134,1.0846599340438843
