1.7841939552454278e-06,-8.853590770740993e-06,0.9528296589851379
0.1326790452003479,-0.050278596580028534,0.9647651314735413
0.09323695302009583,-0.10358190536499023,0.4775315523147583
0.061392322182655334,-0.22556263208389282,0.03622704744338989
-0.1326838731765747,0.050264954566955566,0.9408317804336548
-0.17199400067329407,-0.0064646899700164795,0.4553794264793396
-0.2288515269756317,-0.11447799205780029,0.018957793712615967
-0.019870486110448837,-0.03268997371196747,1.2071162462234497
-0.005815267562866211,-0.0014271736145019531,1.4671404361724854
0.019307874143123627,0.07776206731796265,1.537278413772583
0.013383014127612114,0.03215062618255615,1.6402325630187988
-0.14141452312469482,0.031374454498291016,1.4150829315185547
-0.40404295921325684,0.057997047901153564,1.2730258703231812
-0.5832381248474121,0.2228652536869049,1.1832770109176636
0.11815828084945679,-0.0664072334766388,1.3992286920547485
0.30946075916290283,-0.18495064973831177,1.2016549110412598
0.5121239423751831,-0.13269467651844025,1.0709497928619385
