1.9152616914652754e-06,-8.617344064987265e-06,0.9528322815895081
0.12837567925453186,-0.05804428458213806,0.9621384739875793
0.07816362380981445,-0.10876694321632385,0.4737801253795624
0.03417302668094635,-0.22613412141799927,0.03051549196243286
-0.12838219106197357,0.05803081393241882,0.9434587955474854
-0.17894649505615234,0.029146045446395874,0.455884724855423
-0.25667405128479004,-0.06025820970535278,0.015273451805114746
-0.025786016136407852,-0.026567742228507996,1.2091615200042725
-0.0037740906700491905,-0.0081118643283844,1.4671964645385742
0.030614230781793594,0.07774156332015991,1.524785041809082
0.030188612639904022,0.04327678680419922,1.634852647781372
-0.14059969782829285,0.033747702836990356,1.4298800230026245
-0.4270474910736084,0.09091711044311523,1.345571756362915
-0.6085930466651917,0.27768874168395996,1.2991728782653809
0.11508883535861969,-0.07971099019050598,1.3982887268066406
0.3352348804473877,-0.19960036873817444,1.2407147884368896
0.5645368099212646,-0.12958747148513794,1.1821610927581787
