-1.0676121746655554e-06,-6.884813046781346e-06,0.9528321027755737
0.12903878092765808,-0.058451514691114426,0.969719409942627
0.18562273681163788,-0.08923378586769104,0.48195356130599976
0.20335164666175842,-0.2401665449142456,0.05089092254638672
-0.12904153764247894,0.05843549594283104,0.9358771443367004
-0.12340670078992844,-0.015552043914794922,0.4478970766067505
-0.1494477242231369,-0.13010889291763306,0.005449414253234863
-0.0385059118270874,-0.02241101861000061,1.207505464553833
-0.05003814399242401,0.015386641025543213,1.4650546312332153
-0.012529794126749039,0.08652573823928833,1.538166880607605
-0.02794215828180313,0.03654414415359497,1.6321479082107544
-0.17992720007896423,0.05327308177947998,1.39897620677948
-0.439957857131958,0.10213923454284668,1.2774831056594849
-0.6046819090843201,0.30807462334632874,1.2814810276031494
0.0753617212176323,-0.05567017197608948,1.4226586818695068
0.30209219455718994,-0.18662549555301666,1.2858713865280151
0.5355666875839233,-0.1289897859096527,1.2220659255981445
