-1.2302143659326248e-06,-8.515093213645741e-06,0.9528383016586304
0.12204363942146301,-0.07016567140817642,0.9611440896987915
0.05270218849182129,-0.11899012327194214,0.4737052023410797
-0.022985093295574188,-0.21738028526306152,0.02572542428970337
-0.1220485270023346,0.07015320658683777,0.9444529414176941
-0.15869367122650146,0.08557823300361633,0.4594661593437195
-0.2989048957824707,0.023367464542388916,0.028266191482543945
-0.034820087254047394,-0.030660077929496765,1.2062956094741821
-0.012201651930809021,-0.024327009916305542,1.465494990348816
0.02658102475106716,0.054694175720214844,1.5298326015472412
0.03168138116598129,0.009169340133666992,1.6302390098571777
-0.14545100927352905,0.027417540550231934,1.4239158630371094
-0.42743247747421265,0.11271482706069946,1.3520036935806274
-0.5628482103347778,0.31802958250045776,1.402112603187561
0.10403354465961456,-0.09488490223884583,1.4038360118865967
0.3447103500366211,-0.18047702312469482,1.297454595565796
0.5578445792198181,-0.05915957689285278,1.2941195964813232
