7.584249033243395e-07,-1.036052344716154e-05,0.9528346061706543
0.13580071926116943,-0.0374889075756073,0.965205729007721
0.09677807986736298,-0.08865609765052795,0.47983789443969727
0.07843165099620819,-0.2294139862060547,0.037241995334625244
-0.13580170273780823,0.03747860714793205,0.94038987159729
-0.14774397015571594,-0.008360832929611206,0.4538579285144806
-0.17203857004642487,-0.11643743515014648,0.007649064064025879
-0.012673826888203621,-0.05319243669509888,1.2019447088241577
0.00021052267402410507,-0.030766040086746216,1.460724949836731
0.022803667932748795,0.05428117513656616,1.5320252180099487
0.020876668393611908,0.008291542530059814,1.6341354846954346
-0.13617253303527832,-0.009088903665542603,1.402118444442749
-0.38314133882522583,0.014497816562652588,1.2342126369476318
-0.5026998519897461,0.19728732109069824,1.2804319858551025
0.13071481883525848,-0.07961529493331909,1.3953397274017334
0.36448174715042114,-0.11912856996059418,1.2180784940719604
0.40682893991470337,0.06470641493797302,1.3317623138427734
