-8.381907719012816e-07,-8.246533980127424e-06,0.9528372883796692
0.11965522170066833,-0.07301076501607895,0.9651010036468506
0.05938825011253357,-0.12164276838302612,0.47750869393348694
-0.004829868674278259,-0.22578948736190796,0.030090034008026123
-0.11966031789779663,0.07299679517745972,0.9404962062835693
-0.161950945854187,0.07650724053382874,0.4544543921947479
-0.2952342629432678,0.014297068119049072,0.02283310890197754
-0.043428994715213776,-0.028055205941200256,1.206250786781311
-0.026651402935385704,-0.02550607919692993,1.4653429985046387
0.01754380576312542,0.05220317840576172,1.5282487869262695
0.023566853255033493,0.006394743919372559,1.6304214000701904
-0.15634526312351227,0.030883193016052246,1.4249422550201416
-0.4419127404689789,0.1193886399269104,1.362879753112793
-0.5829956531524658,0.3254472017288208,1.405461311340332
0.08253385871648788,-0.10113480687141418,1.401698350906372
0.299251914024353,-0.20524749159812927,1.2852857112884521
0.5006576776504517,-0.09299115836620331,1.2887169122695923
