-9.836408025876153e-07,-7.0019232225604355e-06,0.9528307318687439
0.13721579313278198,-0.03896959125995636,0.963234007358551
0.1111440658569336,-0.08882153034210205,0.47608688473701477
0.09454691410064697,-0.2106655240058899,0.028789997100830078
-0.13722047209739685,0.03895425423979759,0.9423623085021973
-0.16643743216991425,-0.016774237155914307,0.4556495249271393
-0.20731812715530396,-0.11654216051101685,0.013027191162109375
-0.01994125172495842,-0.037532225251197815,1.2088639736175537
-0.012761937454342842,-0.01216176152229309,1.4696059226989746
0.007696647197008133,0.07461684942245483,1.5325098037719727
0.0010432004928588867,0.041937291622161865,1.6419141292572021
-0.15129069983959198,0.005554825067520142,1.4160363674163818
-0.42369383573532104,0.010480523109436035,1.2944490909576416
-0.5961953401565552,0.1742999255657196,1.2205522060394287
0.12094986438751221,-0.06293603777885437,1.4102449417114258
0.34553247690200806,-0.1541135162115097,1.2496278285980225
0.5504056215286255,-0.05932021886110306,1.1540838479995728
