-6.634286364715081e-07,-7.971626473590732e-06,0.9528353214263916
0.13885799050331116,-0.042683180421590805,0.9660125970840454
0.16923648118972778,-0.06381279230117798,0.47980010509490967
0.19351264834403992,-0.19619596004486084,0.039537250995635986
-0.1388605684041977,0.04266776144504547,0.9395856261253357
-0.13654333353042603,-0.04665929079055786,0.4555632174015045
-0.14757132530212402,-0.165519118309021,0.007630050182342529
-0.010091042146086693,-0.027170807123184204,1.2069435119628906
-0.005140714347362518,-0.007626712322235107,1.4678070545196533
0.019609682261943817,0.07579761743545532,1.537517786026001
0.008088825270533562,0.029340386390686035,1.6374669075012207
-0.1485113799571991,0.02599993348121643,1.4207768440246582
-0.44417744874954224,0.08711174130439758,1.3914058208465576
-0.6125004291534424,0.28879427909851074,1.4073607921600342
0.13075260818004608,-0.07228168845176697,1.4196341037750244
0.3835124671459198,-0.1807413101196289,1.3179712295532227
0.6211092472076416,-0.098687082529068,1.270887017250061
