-6.33348918199772e-07,-8.602108209743164e-06,0.9528341889381409
0.14060060679912567,-0.030544983223080635,0.9541982412338257
0.05952424556016922,-0.09522637724876404,0.47221839427948
0.0032449811697006226,-0.21774160861968994,0.0256272554397583
-0.1406034231185913,0.030531855300068855,0.9513983726501465
-0.21513211727142334,0.044565796852111816,0.4658091366291046
-0.29618391394615173,-0.022738099098205566,0.01943296194076538
0.005812983959913254,-0.04823486506938934,1.2079806327819824
-0.008940073661506176,-0.02186661958694458,1.46799898147583
-0.009834151715040207,0.06608802080154419,1.5357574224472046
-0.004073191434144974,0.021809756755828857,1.6391913890838623
-0.14587239921092987,-0.021741271018981934,1.3926818370819092
-0.3862571120262146,-0.025336652994155884,1.2069544792175293
-0.5748789310455322,0.12428110837936401,1.1424403190612793
0.13621127605438232,-0.05395466089248657,1.4265871047973633
0.3989395499229431,-0.12089991569519043,1.3206044435501099
0.627858579158783,-0.006822079420089722,1.2485556602478027
