1.7679612938081846e-06,-8.422070095548406e-06,0.9528278112411499
0.13118138909339905,-0.0493478924036026,0.9666442275047302
0.11609026789665222,-0.10174548625946045,0.4801687002182007
0.10577672719955444,-0.23195362091064453,0.04014545679092407
-0.13118582963943481,0.049335189163684845,0.9389533400535583
-0.15391132235527039,-0.02738437056541443,0.45248132944107056
-0.1862887144088745,-0.15005475282669067,0.016098976135253906
-0.021687787026166916,-0.03297404944896698,1.207787275314331
-0.000553118996322155,-0.007554739713668823,1.466526985168457
0.02661433443427086,0.07104605436325073,1.5382168292999268
0.02273285947740078,0.022036612033843994,1.6401090621948242
-0.13537481427192688,0.028146833181381226,1.4175513982772827
-0.39903467893600464,0.06304290890693665,1.2684326171875
-0.5780891180038452,0.23840799927711487,1.1895036697387695
0.118879035115242,-0.07328656315803528,1.3933005332946777
0.3040931820869446,-0.1863521933555603,1.1821826696395874
0.5179767608642578,-0.13594278693199158,1.0699759721755981
