-1.1664783414744306e-06,-6.907184797455557e-06,0.9528312087059021
0.13753101229667664,-0.034192055463790894,0.9597893953323364
0.07606475800275803,-0.09048444032669067,0.4762780964374542
0.03539523482322693,-0.21020543575286865,0.02672332525253296
-0.1375330686569214,0.03417737036943436,0.9458050727844238
-0.18954400718212128,0.01603114604949951,0.45843982696533203
-0.26472705602645874,-0.07034558057785034,0.013812541961669922
-0.0054984381422400475,-0.0470157265663147,1.208756446838379
-0.020421430468559265,-0.013911515474319458,1.4678560495376587
-0.0023027732968330383,0.07435524463653564,1.5291004180908203
-0.011387139558792114,0.04248940944671631,1.6399741172790527
-0.1519918292760849,-0.00893363356590271,1.3873704671859741
-0.39257293939590454,-0.012126922607421875,1.2122682332992554
-0.589917004108429,0.14753329753875732,1.1784629821777344
0.1184929609298706,-0.05465048551559448,1.426248550415039
0.3630715012550354,-0.14084726572036743,1.2795261144638062
0.5376678705215454,-0.03409619629383087,1.127738118171692
