-5.064607648819219e-07,-7.790356903569773e-06,0.9528321027755737
0.14069709181785583,-0.033416569232940674,0.9615641832351685
0.12882909178733826,-0.08721321821212769,0.4764408767223358
0.13299217820167542,-0.22470659017562866,0.030004560947418213
-0.1407012939453125,0.03340236097574234,0.9440333843231201
-0.1695079803466797,-0.024730652570724487,0.4584112763404846
-0.199299156665802,-0.13111257553100586,0.011578977108001709
-0.0019393404945731163,-0.0398409366607666,1.2059242725372314
0.003285018727183342,-0.02452114224433899,1.4693450927734375
0.011700470000505447,0.06427055597305298,1.539121150970459
0.0032990165054798126,0.023319721221923828,1.6424580812454224
-0.14059913158416748,-0.007498800754547119,1.4171075820922852
-0.43221765756607056,0.024055123329162598,1.3430641889572144
-0.5910128355026245,0.22599786520004272,1.3844335079193115
0.14378827810287476,-0.07297742366790771,1.4174050092697144
0.39221900701522827,-0.15715059638023376,1.3050785064697266
0.616383969783783,-0.05441610515117645,1.2598098516464233
