-1.2843361218983773e-06,-6.72815804136917e-06,0.9528330564498901
0.138638436794281,-0.037910208106040955,0.9644655585289001
0.13868972659111023,-0.09423530101776123,0.4767809808254242
0.1533062756061554,-0.2258545160293579,0.028729617595672607
-0.13864287734031677,0.03789510950446129,0.9411325454711914
-0.16367098689079285,-0.02489781379699707,0.45630478858947754
-0.20362822711467743,-0.13414394855499268,0.012701094150543213
-0.015020197257399559,-0.03250855207443237,1.2069330215454102
-0.025759954005479813,-0.01719456911087036,1.4690525531768799
-0.030737414956092834,0.07114332914352417,1.5386500358581543
-0.03254763036966324,0.021611511707305908,1.6373645067214966
-0.16696509718894958,0.0038316845893859863,1.4146344661712646
-0.457374632358551,0.04446816444396973,1.328541874885559
-0.6411373615264893,0.2299661636352539,1.2931991815567017
0.11309652030467987,-0.06659069657325745,1.4213905334472656
0.349254310131073,-0.13296028971672058,1.327866792678833
0.5684874057769775,-0.02942478656768799,1.314651370048523
