1.652730588830309e-06,-9.69323082244955e-06,0.9528343081474304
0.13221140205860138,-0.05186016857624054,0.9548442959785461
0.02779664844274521,-0.10166126489639282,0.4775308072566986
-0.05537518113851547,-0.20188426971435547,0.03433048725128174
-0.13221561908721924,0.05184692516922951,0.950753390789032
-0.20685148239135742,0.09284013509750366,0.47081124782562256
-0.31298941373825073,0.01841062307357788,0.03235524892807007
0.0032682521268725395,-0.037870854139328,1.2053226232528687
0.015624843537807465,-0.009650260210037231,1.4662346839904785
0.046064794063568115,0.07439863681793213,1.5303614139556885
0.03991229832172394,0.03591465950012207,1.63963782787323
-0.12025408446788788,0.0141792893409729,1.4103991985321045
-0.3736553192138672,0.019691139459609985,1.2489513158798218
-0.5611733198165894,0.1553128957748413,1.152540683746338
0.1490214616060257,-0.06934180855751038,1.4095810651779175
0.422767698764801,-0.13391785323619843,1.3147588968276978
0.6461294293403625,-0.018020987510681152,1.3607105016708374
