8.437161795882275e-07,-7.56240297050681e-06,0.9528329968452454
0.11597099900245667,-0.07402749359607697,0.956217348575592
0.051878660917282104,-0.11491984128952026,0.46831420063972473
-0.008396513760089874,-0.2096935510635376,0.01993316411972046
-0.11597833037376404,0.07401404529809952,0.9493804574012756
-0.17234846949577332,0.09124881029129028,0.46316832304000854
-0.32258927822113037,0.03572505712509155,0.032304465770721436
-0.024987204000353813,-0.03134346008300781,1.2090048789978027
0.011512680910527706,-0.02572113275527954,1.4660382270812988
0.05148285627365112,0.056543588638305664,1.5291662216186523
0.048142530024051666,0.015327036380767822,1.6349947452545166
-0.10714172571897507,0.029744207859039307,1.4212861061096191
-0.35066524147987366,0.08728063106536865,1.275675654411316
-0.5065115094184875,0.2737789750099182,1.2426655292510986
0.1050727516412735,-0.10404396057128906,1.3855392932891846
0.26268118619918823,-0.23211339116096497,1.1900771856307983
0.46806591749191284,-0.1639001965522766,1.1513993740081787
