-2.8754870982083958e-06,-9.475741535425186e-06,0.9528377056121826
0.13463887572288513,-0.0512334480881691,0.964799165725708
0.11991752684116364,-0.09280753135681152,0.4740908145904541
0.09703719615936279,-0.22877168655395508,0.033400774002075195
-0.13464117050170898,0.05121849477291107,0.9407984614372253
-0.16239841282367706,0.0005453824996948242,0.4559316635131836
-0.21054530143737793,-0.10710322856903076,0.013451993465423584
-0.019360145553946495,-0.02371838688850403,1.206436276435852
-0.038652800023555756,0.009274959564208984,1.4633045196533203
-0.01051260158419609,0.08776676654815674,1.538818120956421
-0.028630543500185013,0.03290832042694092,1.630892276763916
-0.17738109827041626,0.03794410824775696,1.393599271774292
-0.45755213499069214,0.08486601710319519,1.294126272201538
-0.6272146105766296,0.27257639169692993,1.2959383726119995
0.10273785889148712,-0.05149438977241516,1.4324965476989746
0.38430890440940857,-0.14809632301330566,1.397160291671753
0.6136229038238525,-0.05867409706115723,1.4215940237045288
