2.11048245546408e-06,-1.1778116459026933e-05,0.9528368711471558
0.13153401017189026,-0.04361382871866226,0.9649155735969543
0.15930166840553284,-0.06966209411621094,0.4766848087310791
0.1914970874786377,-0.21302032470703125,0.03975170850753784
-0.1315338909626007,0.04360267519950867,0.9406803250312805
-0.1426703780889511,-0.019099265336990356,0.4530061185359955
-0.16311205923557281,-0.11853528022766113,0.0010573267936706543
-0.014238845556974411,-0.041082412004470825,1.2033405303955078
-0.02900303155183792,0.006352216005325317,1.4595564603805542
0.0006996989250183105,0.08631408214569092,1.5312349796295166
-0.009400203824043274,0.04351574182510376,1.6310797929763794
-0.15580134093761444,0.027200371026992798,1.3817263841629028
-0.39253872632980347,0.02766558527946472,1.185821771621704
-0.5608073472976685,0.20066629350185394,1.118179202079773
0.10254073888063431,-0.04825633764266968,1.4070377349853516
0.3580019772052765,-0.11096954345703125,1.2434289455413818
0.4480666518211365,0.06303867697715759,1.3508954048156738
