2.1120258679729886e-06,-1.059264650393743e-05,0.9528350234031677
0.1347961276769638,-0.03627559915184975,0.959892749786377
0.08043405413627625,-0.08772248029708862,0.4795992076396942
0.05456218123435974,-0.21921300888061523,0.03445190191268921
-0.13480156660079956,0.03626362979412079,0.9457061290740967
-0.15406009554862976,0.03218910098075867,0.4612157344818115
-0.17982353270053864,-0.06113028526306152,0.013371288776397705
0.010121472179889679,-0.04318755865097046,1.203091025352478
0.039721157401800156,-0.028598487377166748,1.460174560546875
0.05073847621679306,0.06752383708953857,1.522214412689209
0.05339059233665466,0.030170679092407227,1.6275668144226074
-0.10162460803985596,-0.009198307991027832,1.4231195449829102
-0.38331782817840576,0.025826752185821533,1.3310984373092651
-0.5187915563583374,0.21869713068008423,1.3906373977661133
0.1719796359539032,-0.07899683713912964,1.3937082290649414
0.4449913501739502,-0.10959246754646301,1.2914769649505615
0.5695918798446655,0.05556035041809082,1.4366434812545776
