-2.934384156105807e-06,-6.707734428346157e-06,0.9528358578681946
0.13696999847888947,-0.03965974226593971,0.9575186371803284
0.07935944944620132,-0.09764489531517029,0.473092257976532
0.0383126437664032,-0.22549235820770264,0.027089834213256836
-0.1369747817516327,0.03964497521519661,0.9480791091918945
-0.1850740909576416,0.033455848693847656,0.4629538357257843
-0.25773918628692627,-0.048037827014923096,0.020292818546295166
0.001528242602944374,-0.0387270450592041,1.2060943841934204
0.0068044643849134445,-0.01978859305381775,1.4680635929107666
0.03188025951385498,0.0667424201965332,1.535606861114502
0.017183884978294373,0.025584101676940918,1.6366024017333984
-0.13173040747642517,-0.005932807922363281,1.4101364612579346
-0.3854607045650482,0.008334994316101074,1.3109891414642334
-0.5165678262710571,0.19809457659721375,1.339673399925232
0.14620447158813477,-0.06569638848304749,1.4210197925567627
0.4293818473815918,-0.1326962113380432,1.3470540046691895
0.6634202003479004,-0.017703920602798462,1.3552542924880981
