-2.114294602506561e-06,-8.837680070428178e-06,0.9528355002403259
0.13745704293251038,-0.03234277293086052,0.9611842632293701
0.08849921822547913,-0.08905103802680969,0.47367358207702637
0.05602408945560455,-0.22037315368652344,0.028029680252075195
-0.13745832443237305,0.0323302336037159,0.9444116950035095
-0.19209179282188416,0.014567732810974121,0.4545705318450928
-0.2593962252140045,-0.068065345287323,0.005635082721710205
-0.0043877651914954185,-0.05004541575908661,1.208526372909546
-0.027498362585902214,-0.026436150074005127,1.4658169746398926
-0.01288476213812828,0.05997508764266968,1.531935453414917
-0.018182426691055298,0.021250903606414795,1.639470100402832
-0.15767507255077362,-0.021180689334869385,1.3785285949707031
-0.3851681649684906,-0.018695354461669922,1.1905771493911743
-0.5436719655990601,0.1561552882194519,1.2081793546676636
0.11413201689720154,-0.06258130073547363,1.4316939115524292
0.3891354203224182,-0.1286121904850006,1.3394263982772827
0.6209348440170288,-0.012435823678970337,1.284111738204956
