-5.051847438153345e-07,-8.914346835808828e-06,0.952836811542511
0.13558709621429443,-0.03699474781751633,0.9588236808776855
0.06991012394428253,-0.08729928731918335,0.4777890145778656
0.017562761902809143,-0.2046661376953125,0.030580461025238037
-0.13559365272521973,0.036981090903282166,0.9467757940292358
-0.16281692683696747,0.049554795026779175,0.4638323485851288
-0.2038707286119461,-0.03234076499938965,0.016993939876556396
0.016076944768428802,-0.03562569618225098,1.2053918838500977
0.04332684725522995,-0.009015440940856934,1.4595329761505127
0.05073162168264389,0.08708792924880981,1.5178964138031006
0.050931666046381,0.05236560106277466,1.6212031841278076
-0.09890148788690567,0.006076812744140625,1.42130446434021
-0.3846709430217743,0.015923887491226196,1.3558250665664673
-0.5668867826461792,0.18529996275901794,1.3477389812469482
0.18011370301246643,-0.059050679206848145,1.4017231464385986
0.46655717492103577,-0.10665896534919739,1.3346079587936401
0.6778022050857544,0.028065413236618042,1.3802356719970703
