1.418359715898987e-06,-9.429544661543332e-06,0.9528335928916931
0.13077199459075928,-0.05500601977109909,0.957953691482544
0.03160969913005829,-0.10831737518310547,0.48121950030326843
-0.053184278309345245,-0.20347070693969727,0.0355105996131897
-0.1307767927646637,0.05499162897467613,0.9476445913314819
-0.20704257488250732,0.08731409907341003,0.46712973713874817
-0.3189961910247803,0.009794414043426514,0.032421886920928955
-0.005228677298873663,-0.0316963791847229,1.2056710720062256
-0.0004495615139603615,-0.0026390552520751953,1.4678500890731812
0.03711079806089401,0.07827240228652954,1.5284702777862549
0.03513010963797569,0.04024350643157959,1.6382715702056885
-0.13491815328598022,0.024609297513961792,1.4104022979736328
-0.38602977991104126,0.031176447868347168,1.2515984773635864
-0.5716301798820496,0.1592279076576233,1.1478359699249268
0.13129711151123047,-0.06680282950401306,1.4180444478988647
0.41388633847236633,-0.14236515760421753,1.35259211063385
0.6479045152664185,-0.03601536154747009,1.3879578113555908
