9.117088666243944e-07,-9.645436875871383e-06,0.952833354473114
0.13556262850761414,-0.042963117361068726,0.9563471674919128
0.053621530532836914,-0.100518137216568,0.47340869903564453
-0.012607589364051819,-0.2090057134628296,0.023511290550231934
-0.13556545972824097,0.04295060783624649,0.9492483735084534
-0.2162236124277115,0.05665707588195801,0.46968385577201843
-0.3181731402873993,-0.018886089324951172,0.025096118450164795
-0.0071592750027775764,-0.04512593150138855,1.2071760892868042
-0.014839574694633484,-0.02106603980064392,1.4692494869232178
0.006323672831058502,0.06086766719818115,1.5418798923492432
0.0031519662588834763,0.014169812202453613,1.643180251121521
-0.14968891441822052,-0.006092280149459839,1.3999378681182861
-0.3901803493499756,-0.012845784425735474,1.2172155380249023
-0.5757431983947754,0.14471539855003357,1.1437910795211792
0.12328694760799408,-0.06807878613471985,1.4164897203445435
0.3847103714942932,-0.12837901711463928,1.3055243492126465
0.6093053221702576,-0.00399172306060791,1.3152315616607666
