1.1806623660959303e-06,-6.762240445823409e-06,0.9528273344039917
0.1330418437719345,-0.045832909643650055,0.9687455892562866
0.19080954790115356,-0.06257221102714539,0.4840288758277893
0.23420864343643188,-0.20345699787139893,0.04887193441390991
-0.1330433338880539,0.0458199605345726,0.9368532299995422
-0.09947209060192108,-0.05736163258552551,0.4538908302783966
-0.08906783163547516,-0.18691062927246094,0.010984838008880615
-0.028825346380472183,-0.02236194908618927,1.208884358406067
-0.01492149569094181,0.005949974060058594,1.4667980670928955
0.019475862383842468,0.08811599016189575,1.532535433769226
0.01992127113044262,0.051666200160980225,1.6418209075927734
-0.15503831207752228,0.0399479866027832,1.4186822175979614
-0.4543362259864807,0.09103146195411682,1.311784029006958
-0.6333189606666565,0.28301072120666504,1.2482376098632812
0.10794945806264877,-0.0624975860118866,1.4057979583740234
0.32169395685195923,-0.18149372935295105,1.2320144176483154
0.5480146408081055,-0.11753737926483154,1.142343282699585
