-2.2731474018655717e-06,-8.71082374942489e-06,0.9528360366821289
0.1382465958595276,-0.03085225448012352,0.961348295211792
0.10136626660823822,-0.08464688062667847,0.4724639654159546
0.08229076862335205,-0.2195279598236084,0.02498382329940796
-0.13824860751628876,0.030840203166007996,0.944247305393219
-0.187766894698143,0.003976285457611084,0.45465922355651855
-0.24427421391010284,-0.08385622501373291,0.004786968231201172
-0.0022948989644646645,-0.04804673790931702,1.206272006034851
-0.01889215223491192,-0.026234209537506104,1.4659299850463867
-0.00856335461139679,0.0614166259765625,1.5342392921447754
-0.013386368751525879,0.023705899715423584,1.6411879062652588
-0.15252356231212616,-0.018658161163330078,1.3860949277877808
-0.39772289991378784,-0.0036308765411376953,1.2169616222381592
-0.5512815713882446,0.18363156914710999,1.269399642944336
0.12242107093334198,-0.06451916694641113,1.423891305923462
0.38707995414733887,-0.13854926824569702,1.3129600286483765
0.6208527088165283,-0.03532400727272034,1.2607285976409912
