-3.2554453355260193e-07,-1.1974141671089455e-05,0.9507609605789185
0.1334945410490036,-0.044875115156173706,0.9598665237426758
0.11015664041042328,-0.08996212482452393,0.4756988286972046
0.09230554103851318,-0.2171018123626709,0.031054019927978516
-0.1334972083568573,0.044864196330308914,0.9415538907051086
-0.15702909231185913,0.01044386625289917,0.45996779203414917
-0.18892329931259155,-0.08986574411392212,0.010534465312957764
-0.010210717096924782,-0.04164166748523712,1.2013750076293945
-0.00036166049540042877,-0.043070077896118164,1.4577473402023315
0.03374584764242172,0.05241042375564575,1.5252766609191895
0.027110040187835693,0.003926217555999756,1.6197600364685059
-0.13327503204345703,0.008412778377532959,1.4182064533233643
-0.28545722365379333,0.18990862369537354,1.4841862916946411
-0.19317388534545898,0.2998356819152832,1.6506319046020508
0.13387426733970642,-0.08644163608551025,1.406015157699585
0.3569296896457672,0.002115488052368164,1.4470523595809937
0.34263232350349426,0.163848876953125,1.6185115575790405
