-1.0021649359259754e-06,-6.969505193410441e-06,0.9507346749305725
0.13737192749977112,-0.03339318186044693,0.9596298336982727
0.0815134048461914,-0.11044076085090637,0.4760977625846863
0.012189522385597229,-0.27815574407577515,0.053878068923950195
-0.1373741328716278,0.03337983042001724,0.9417852163314819
-0.13747155666351318,-0.034000396728515625,0.4600520133972168
-0.16309553384780884,-0.17917966842651367,0.024905025959014893
-0.01328974962234497,-0.08993488550186157,1.1936724185943604
-0.0010421853512525558,-0.056254684925079346,1.4524250030517578
0.032442908734083176,0.027598261833190918,1.5343468189239502
0.03152329847216606,-0.022111177444458008,1.6370861530303955
-0.13041232526302338,-0.035233497619628906,1.3789788484573364
-0.26921069622039795,-0.028089702129364014,1.126678228378296
-0.33975493907928467,0.1333712786436081,0.9941179752349854
0.12073656916618347,-0.09532579779624939,1.3776805400848389
0.21513201296329498,-0.13364547491073608,1.1156885623931885
0.2702829837799072,-0.020633166655898094,0.9403358101844788
