-1.1039387572964188e-06,-1.1148284102091566e-05,0.9507547616958618
0.13242220878601074,-0.04567473754286766,0.9588320851325989
0.10876843333244324,-0.09449809789657593,0.47690513730049133
0.0742817223072052,-0.22223424911499023,0.03364300727844238
-0.13242504000663757,0.04566137120127678,0.9425896406173706
-0.1472042351961136,0.009397387504577637,0.46399080753326416
-0.18050512671470642,-0.10635882616043091,0.018060386180877686
-0.014557362534105778,-0.04154534637928009,1.1998634338378906
-0.014063671231269836,-0.05779850482940674,1.4570531845092773
0.03136485442519188,0.04078441858291626,1.5152027606964111
0.030323531478643417,0.00793391466140747,1.6188926696777344
-0.14642100036144257,-0.006806820631027222,1.4169986248016357
-0.2959728240966797,0.16834330558776855,1.515934705734253
-0.23863542079925537,0.2827622890472412,1.6883676052093506
0.1192120611667633,-0.10260277986526489,1.412912130355835
0.347290962934494,-0.027875661849975586,1.5032117366790771
0.35245463252067566,0.0952310562133789,1.6881992816925049
