-1.905498265841743e-07,-8.674471246195026e-06,0.9507393836975098
0.13644453883171082,-0.041275642812252045,0.9596346020698547
0.10238955914974213,-0.09598323702812195,0.47279059886932373
0.06021425127983093,-0.2380427122116089,0.03561621904373169
-0.13644443452358246,0.04126802086830139,0.9417818188667297
-0.16451236605644226,0.006693065166473389,0.4589548110961914
-0.1856118142604828,-0.12490183115005493,0.016668081283569336
-0.010298673063516617,-0.04708187282085419,1.1972389221191406
0.001129617914557457,-0.014246106147766113,1.4528552293777466
0.02498329058289528,0.07249623537063599,1.5331594944000244
0.021942073479294777,0.022349774837493896,1.6306390762329102
-0.13116666674613953,0.018203377723693848,1.3907939195632935
-0.305755078792572,0.09748810529708862,1.2142221927642822
-0.24537742137908936,0.2990661561489105,1.3019545078277588
0.13099512457847595,-0.060425758361816406,1.3874601125717163
0.3375469446182251,-0.06030593812465668,1.2128322124481201
0.344954252243042,0.14199519157409668,1.341059923171997
