-7.87541921454249e-07,-1.1199921573279426e-05,0.9507584571838379
0.13279512524604797,-0.04867372661828995,0.9594200253486633
0.11260977387428284,-0.09925183653831482,0.4740634858608246
0.09569589793682098,-0.21795368194580078,0.027961671352386475
-0.13279768824577332,0.048662103712558746,0.9420009255409241
-0.15782320499420166,0.01190134882926941,0.461371511220932
-0.19703362882137299,-0.08309924602508545,0.01257479190826416
-0.011311798356473446,-0.040465980768203735,1.1984031200408936
-0.0039603738114237785,-0.04712572693824768,1.4572439193725586
0.03289413824677467,0.0476909875869751,1.5251779556274414
0.02539883181452751,-0.0022396445274353027,1.6178491115570068
-0.13796168565750122,0.006080210208892822,1.416808843612671
-0.3062264621257782,0.17702889442443848,1.515068531036377
-0.24429142475128174,0.3035902976989746,1.6866323947906494
0.12946753203868866,-0.09594926238059998,1.4102386236190796
0.3679259121417999,-0.040964722633361816,1.4783514738082886
0.3869290351867676,0.11196577548980713,1.6486746072769165
