-1.5723262549727224e-06,-1.1106971214758232e-05,0.9507573843002319
0.13287143409252167,-0.0499194972217083,0.959999144077301
0.11688876152038574,-0.0964089035987854,0.47287335991859436
0.10443457961082458,-0.21515804529190063,0.02382981777191162
-0.13287410140037537,0.0499086007475853,0.9414223432540894
-0.16534538567066193,0.01708272099494934,0.4580342173576355
-0.220261812210083,-0.07932472229003906,0.01001673936843872
-0.013242345303297043,-0.03848385810852051,1.2015026807785034
-0.0040192450396716595,-0.04235506057739258,1.4573166370391846
0.034356579184532166,0.051602184772491455,1.5266417264938354
0.02749718353152275,-0.0010033249855041504,1.6189813613891602
-0.13462600111961365,0.012101352214813232,1.4206695556640625
-0.27722495794296265,0.17488723993301392,1.5061630010604858
-0.19742321968078613,0.259347140789032,1.6750426292419434
0.12694713473320007,-0.09412336349487305,1.406917929649353
0.3516250252723694,-0.032617777585983276,1.4462461471557617
0.3248976171016693,0.10871225595474243,1.6166863441467285
