-1.3867265806766227e-06,-6.847059921710752e-06,0.9507347941398621
0.1382960081100464,-0.033150456845760345,0.9591795802116394
0.08552756905555725,-0.11314615607261658,0.4765872359275818
0.015188798308372498,-0.28152966499328613,0.05380809307098389
-0.13829809427261353,0.03313785418868065,0.9422356486320496
-0.1371377557516098,-0.03367692232131958,0.4594283699989319
-0.16267293691635132,-0.1767684817314148,0.023207783699035645
-0.012580635026097298,-0.09056423604488373,1.1927993297576904
-0.0010146759450435638,-0.06172856688499451,1.4518656730651855
0.03172123059630394,0.022127211093902588,1.5344829559326172
0.03067122772336006,-0.027756929397583008,1.6372489929199219
-0.13098442554473877,-0.040959060192108154,1.3788678646087646
-0.26888975501060486,-0.03200356662273407,1.130033254623413
-0.32715529203414917,0.1450842320919037,1.032780408859253
0.12187305092811584,-0.09961339831352234,1.3767399787902832
0.21791215240955353,-0.13385532796382904,1.118964433670044
0.27643021941185,-0.0016639884561300278,0.9715849757194519
