-2.817077074723784e-06,-1.1576634278753772e-05,0.950760006904602
0.13331463932991028,-0.03919436037540436,0.9577149152755737
0.10286067426204681,-0.08291393518447876,0.4782475233078003
0.06641072034835815,-0.20223599672317505,0.03608357906341553
-0.13331595063209534,0.039183005690574646,0.9437068104743958
-0.14515423774719238,0.0013138353824615479,0.4648442566394806
-0.1678665280342102,-0.10888725519180298,0.015906453132629395
-0.005913384258747101,-0.054639771580696106,1.197067141532898
-0.00044590234756469727,-0.07943257689476013,1.4521160125732422
0.041584525257349014,0.015829145908355713,1.518261432647705
0.03937516361474991,-0.028921067714691162,1.6150503158569336
-0.13067330420017242,-0.037191689014434814,1.4116572141647339
-0.2761673927307129,0.12081295251846313,1.5058059692382812
-0.22451072931289673,0.2275846004486084,1.6592073440551758
0.13256624341011047,-0.11256814002990723,1.4075120687484741
0.3578699827194214,-0.01297295093536377,1.482593297958374
0.3686676621437073,0.1345919370651245,1.6483211517333984
