9.765944923856296e-07,-1.0840376489795744e-05,0.9507550597190857
0.1339600384235382,-0.044469933956861496,0.96089768409729
0.11211365461349487,-0.08322179317474365,0.47143545746803284
0.09442849457263947,-0.2008051872253418,0.026584208011627197
-0.13396190106868744,0.04445929825305939,0.9405199289321899
-0.16311746835708618,0.009745866060256958,0.455524206161499
-0.20241683721542358,-0.08607065677642822,0.005808353424072266
-0.016190212219953537,-0.04808153212070465,1.1980994939804077
-0.003256498835980892,-0.03956151008605957,1.4562716484069824
0.03287838399410248,0.049964964389801025,1.5261331796646118
0.029435917735099792,0.00028580427169799805,1.6254841089248657
-0.13759580254554749,0.011467963457107544,1.4064908027648926
-0.2944064736366272,0.19616693258285522,1.3732926845550537
-0.166426420211792,0.30818215012550354,1.495872974395752
0.12952512502670288,-0.08266907930374146,1.3975566625595093
0.34690719842910767,-0.016701430082321167,1.3358763456344604
0.30509793758392334,0.17231875658035278,1.4506736993789673
