-1.2712462194031104e-06,-9.55456926021725e-06,0.9507396221160889
0.13586270809173584,-0.039578765630722046,0.9609366059303284
0.10302947461605072,-0.09723556041717529,0.47460460662841797
0.07432915270328522,-0.2357645034790039,0.031122565269470215
-0.13586470484733582,0.039567023515701294,0.9404768943786621
-0.15512046217918396,-0.015438884496688843,0.4542790651321411
-0.18390408158302307,-0.1316688060760498,0.004797041416168213
-0.015615715645253658,-0.05669969320297241,1.198237657546997
-0.000435476191341877,-0.019494086503982544,1.4534664154052734
0.025235239416360855,0.0714229941368103,1.5416655540466309
0.018627706915140152,0.014548659324645996,1.6330804824829102
-0.1272706836462021,0.0036011934280395508,1.3810772895812988
-0.2457789182662964,-0.008976086974143982,1.145183801651001
-0.21323630213737488,0.13829320669174194,1.1428020000457764
0.12475484609603882,-0.06138381361961365,1.3762232065200806
0.2485426962375641,-0.08698050677776337,1.127935528755188
0.22643990814685822,0.09453228116035461,1.1891777515411377
