-9.68586391536519e-07,-1.149384115706198e-05,0.9507576823234558
0.13490711152553558,-0.0447409525513649,0.9586347341537476
0.11533376574516296,-0.09328439831733704,0.4752900004386902
0.09790453314781189,-0.22231638431549072,0.028721511363983154
-0.13490939140319824,0.04473140835762024,0.9427862167358398
-0.15530133247375488,0.0068915486335754395,0.4580223560333252
-0.17656144499778748,-0.1021956205368042,0.004609525203704834
-0.009132662788033485,-0.04505071043968201,1.1994701623916626
0.003961324691772461,-0.04984822869300842,1.4573054313659668
0.03927554562687874,0.04783815145492554,1.5234012603759766
0.03608246147632599,0.0007306337356567383,1.621130108833313
-0.1296374499797821,0.001953810453414917,1.4215621948242188
-0.2803761959075928,0.17806720733642578,1.5072925090789795
-0.19210803508758545,0.2868843078613281,1.6826971769332886
0.13860085606575012,-0.09447523951530457,1.4035279750823975
0.37011945247650146,-0.007681608200073242,1.4532439708709717
0.3550325930118561,0.1480560302734375,1.6378839015960693
