-3.627720616350416e-06,-1.0712676157709211e-05,0.9561118483543396
0.021525099873542786,-0.13335765898227692,0.9741212129592896
-0.033763155341148376,-0.12340649962425232,0.49062424898147583
-0.18841998279094696,-0.11303645372390747,0.05815321207046509
-0.021524012088775635,0.13334950804710388,0.9379938244819641
0.0898098424077034,0.07593470811843872,0.4734521508216858
-0.060230061411857605,0.03455609083175659,0.04444754123687744
-0.07453829050064087,-0.004466727375984192,1.2065125703811646
-0.06029655411839485,-0.012567877769470215,1.4246917963027954
0.019309386610984802,-0.009148359298706055,1.4971263408660889
0.020777098834514618,-0.08302384614944458,1.5377197265625
-0.07694251835346222,0.10715234279632568,1.373095154762268
-0.11889776587486267,0.2193540334701538,1.1152255535125732
-0.10605138540267944,0.2575766444206238,0.8563295602798462
-0.057107456028461456,-0.1318991482257843,1.3632709980010986
-0.027378689497709274,-0.26521673798561096,1.1106407642364502
0.10107563436031342,-0.3323165476322174,0.9161939024925232
