-1.1907359294127673e-06,-4.1230887291021645e-06,0.9560906887054443
-0.0007318928837776184,-0.12877056002616882,0.9769430160522461
-0.035960640758275986,-0.14224955439567566,0.4979490637779236
-0.24648481607437134,-0.09913480281829834,0.09554338455200195
0.0007304735481739044,0.12876653671264648,0.9351694583892822
0.05813264474272728,0.07277488708496094,0.46568888425827026
-0.01844503916800022,0.025277376174926758,0.01666247844696045
-0.09114997088909149,0.012254074215888977,1.1936655044555664
-0.05267229676246643,0.01403135061264038,1.4338399171829224
0.02052471414208412,0.010028183460235596,1.5111119747161865
0.009376018308103085,0.008771300315856934,1.6043928861618042
-0.05104737728834152,0.12877660989761353,1.3498984575271606
-0.045158833265304565,0.21324314177036285,1.0782032012939453
0.006979092955589294,0.23105359077453613,0.83406662940979
-0.06634216010570526,-0.10234183073043823,1.3712940216064453
-0.05966385081410408,-0.23614563047885895,1.1166460514068604
0.047959357500076294,-0.30214425921440125,0.8984603881835938
