-4.095366421097424e-06,-7.898073818068951e-06,0.5637602806091309
0.053497470915317535,0.12105433642864227,0.5596884489059448
-0.3313473165035248,0.23076707124710083,0.43573030829429626
-0.3314504027366638,0.18884438276290894,0.010716259479522705
-0.053500279784202576,-0.12105689197778702,0.5677657127380371
-0.32146936655044556,0.08363941311836243,0.4607139229774475
-0.2794216275215149,-0.03278699517250061,0.046654701232910156
0.046854350715875626,-0.03347402811050415,0.7884635925292969
0.01840648427605629,0.005303919315338135,1.0362029075622559
-0.03834662213921547,0.031961798667907715,1.1247884035110474
0.027463536709547043,0.02110147476196289,1.205216646194458
-0.021129366010427475,-0.12172934412956238,0.9842046499252319
-0.07254745066165924,-0.1858830749988556,0.7347636222839355
-0.1781713366508484,-0.13502752780914307,0.6524978876113892
0.05826451629400253,0.12927213311195374,0.9587631225585938
-0.03859800100326538,0.24277277290821075,0.7208119034767151
-0.24660563468933105,0.2879177927970886,0.7312119007110596
