-4.153657755523454e-06,-8.226015779655427e-06,0.5637603998184204
0.05186512693762779,0.12407669425010681,0.5595816969871521
-0.3379939794540405,0.2299691140651703,0.43930569291114807
-0.33593636751174927,0.18654581904411316,0.014133155345916748
-0.05186823010444641,-0.12407928705215454,0.5678727626800537
-0.32410818338394165,0.07741440832614899,0.4656391739845276
-0.2846963703632355,-0.041459083557128906,0.05016279220581055
0.04217592254281044,-0.03217121958732605,0.789230465888977
0.001067114993929863,0.007284373044967651,1.0366475582122803
-0.061064690351486206,0.034403860569000244,1.125521183013916
0.004423001781105995,0.02499544620513916,1.2061314582824707
-0.03517359867691994,-0.12386175990104675,0.9829870462417603
-0.0911404937505722,-0.18992507457733154,0.7330321669578552
-0.2106388509273529,-0.13715368509292603,0.6628642082214355
0.042300835251808167,0.1350584328174591,0.9615015983581543
-0.04955938458442688,0.25044548511505127,0.7215564250946045
-0.26410529017448425,0.297038197517395,0.7321485877037048
