-3.999862656201003e-06,-7.895421731518582e-06,0.5637604594230652
0.05095558241009712,0.12362918257713318,0.5597784519195557
-0.3397586941719055,0.22918695211410522,0.4360795021057129
-0.3400498330593109,0.18481189012527466,0.01221376657485962
-0.050958339124917984,-0.12363144010305405,0.5676759481430054
-0.3259410560131073,0.07448768615722656,0.4583747386932373
-0.2885249853134155,-0.04550611972808838,0.04560893774032593
0.0429549366235733,-0.031437039375305176,0.7894508838653564
0.0043941885232925415,0.006746232509613037,1.0364890098571777
-0.056422486901283264,0.03437471389770508,1.1258454322814941
0.008830532431602478,0.024287760257720947,1.2066361904144287
-0.03234851360321045,-0.12405043840408325,0.9832720756530762
-0.08995988219976425,-0.18862739205360413,0.7344151139259338
-0.20747360587120056,-0.13067999482154846,0.6696454882621765
0.04479701817035675,0.13450631499290466,0.9609769582748413
-0.051077961921691895,0.25142884254455566,0.7233120203018188
-0.2674834728240967,0.29861852526664734,0.7353989481925964
