-3.703585662151454e-06,-7.876329618738964e-06,0.5637602806091309
0.05359873175621033,0.12111394107341766,0.5598472356796265
-0.3309409022331238,0.23261131346225739,0.42947667837142944
-0.33082109689712524,0.1866801381111145,0.007462501525878906
-0.05360120162367821,-0.12111638486385345,0.5676069259643555
-0.32311946153640747,0.08199430257081985,0.45667800307273865
-0.2854008674621582,-0.0363251268863678,0.04604542255401611
0.05213621258735657,-0.033337339758872986,0.7876436710357666
0.030751682817935944,0.004851579666137695,1.036036491394043
-0.027814432978630066,0.03227168321609497,1.122304916381836
0.03472558408975601,0.022846102714538574,1.2054616212844849
-0.010362472385168076,-0.12299278378486633,0.9863817691802979
-0.06485585123300552,-0.19181177020072937,0.7408168911933899
-0.17304591834545135,-0.14709368348121643,0.6537573337554932
0.07117073982954025,0.12836343050003052,0.9568732380867004
-0.022558540105819702,0.24375849962234497,0.7191746234893799
-0.22866255044937134,0.2953469157218933,0.7322295308113098
