-4.091677965334384e-06,-8.138466000673361e-06,0.5637609362602234
0.04958207905292511,0.12600690126419067,0.5603783130645752
-0.3424241542816162,0.2238740473985672,0.43365734815597534
-0.338578462600708,0.18200206756591797,0.006986379623413086
-0.04958505183458328,-0.1260095238685608,0.5670761466026306
-0.3242061734199524,0.06632085144519806,0.45414629578590393
-0.28529295325279236,-0.05625349283218384,0.042152583599090576
0.04377637058496475,-0.03165803849697113,0.7894392013549805
0.004940376617014408,0.003270477056503296,1.0371522903442383
-0.05592402070760727,0.027574121952056885,1.126699686050415
0.011973418295383453,0.01801663637161255,1.2072703838348389
-0.031188029795885086,-0.12723976373672485,0.9812387228012085
-0.0944502055644989,-0.1866939514875412,0.7309945225715637
-0.2164372056722641,-0.1374952495098114,0.6584699749946594
0.04406788572669029,0.1318630576133728,0.9644439816474915
-0.055890679359436035,0.25119292736053467,0.7286810278892517
-0.273956835269928,0.30391961336135864,0.7312739491462708
