-4.319286290410673e-06,-8.055130820139311e-06,0.5637603402137756
0.053613413125276566,0.12212918698787689,0.5596050024032593
-0.3362223505973816,0.23410797119140625,0.4420137107372284
-0.334991455078125,0.19337064027786255,0.017104387283325195
-0.05361665040254593,-0.12213163077831268,0.5678490996360779
-0.3216622769832611,0.08380473405122757,0.4666067361831665
-0.27716147899627686,-0.031358420848846436,0.05147671699523926
0.03899311274290085,-0.034199222922325134,0.7895101308822632
-0.005085201933979988,0.008249759674072266,1.03646981716156
-0.06915231049060822,0.036573052406311035,1.1232256889343262
-0.006358511745929718,0.026855826377868652,1.205599069595337
-0.041057899594306946,-0.1222371757030487,0.9835137724876404
-0.0859990268945694,-0.18853825330734253,0.7307437062263489
-0.19527538120746613,-0.1364993304014206,0.6358166933059692
0.03860611468553543,0.13497719168663025,0.9609917402267456
-0.04480689764022827,0.2519131600856781,0.7195132970809937
-0.25786444544792175,0.2950945496559143,0.7240808010101318
