-4.549436198431067e-06,-7.914535672171041e-06,0.5637600421905518
0.05358119308948517,0.12162706255912781,0.5597522258758545
-0.3322641849517822,0.23102927207946777,0.43638157844543457
-0.32925307750701904,0.19076451659202576,0.011548936367034912
-0.05358394235372543,-0.12162967026233673,0.567702054977417
-0.3214781880378723,0.08342215418815613,0.4617328345775604
-0.2785634398460388,-0.03073766827583313,0.046890854835510254
0.046553920954465866,-0.033766210079193115,0.7882554531097412
0.015648262575268745,0.00469931960105896,1.036318063735962
-0.04299473762512207,0.029429316520690918,1.1246634721755981
0.02368464507162571,0.019693374633789062,1.206075668334961
-0.02280169539153576,-0.12318268418312073,0.9834640622138977
-0.07115037739276886,-0.19039101898670197,0.7337164878845215
-0.17866936326026917,-0.14644870162010193,0.6453948616981506
0.05665880814194679,0.12971940636634827,0.9606658816337585
-0.03356115520000458,0.24547013640403748,0.7222054600715637
-0.24750494956970215,0.29393213987350464,0.7239145040512085
