-4.635333425540011e-06,-7.79802940087393e-06,0.5637606382369995
0.047795575112104416,0.1265334188938141,0.560408353805542
-0.3450315594673157,0.22147920727729797,0.4302469491958618
-0.3379310965538025,0.17981988191604614,0.004751026630401611
-0.047798480838537216,-0.12653547525405884,0.5670461058616638
-0.32556700706481934,0.06315295398235321,0.44907382130622864
-0.2898600697517395,-0.056614458560943604,0.03908175230026245
0.04896197468042374,-0.03184829652309418,0.7882167100906372
0.018681833520531654,-0.0006856918334960938,1.0371876955032349
-0.03926670178771019,0.02483510971069336,1.1279277801513672
0.02815534733235836,0.011313080787658691,1.2072465419769287
-0.017038825899362564,-0.1300649642944336,0.9809924960136414
-0.07928072661161423,-0.19134436547756195,0.73167884349823
-0.20085275173187256,-0.153750941157341,0.652118980884552
0.053768280893564224,0.12811028957366943,0.9643071889877319
-0.05761915445327759,0.2491832822561264,0.7369176149368286
-0.2768544554710388,0.30523157119750977,0.7393437027931213
