-4.189370883977972e-06,-8.002560207387432e-06,0.5637605786323547
0.05119205638766289,0.12358623743057251,0.5595567226409912
-0.33750972151756287,0.22965779900550842,0.4347943663597107
-0.33706027269363403,0.18496733903884888,0.010608792304992676
-0.05119478330016136,-0.12358883023262024,0.567897617816925
-0.3236556649208069,0.07297465205192566,0.45961764454841614
-0.28206533193588257,-0.04559236764907837,0.047799110412597656
0.04458405077457428,-0.031568095088005066,0.7893819808959961
0.007565476931631565,0.007609814405441284,1.036919355392456
-0.053779907524585724,0.03375321626663208,1.124862790107727
0.011250937357544899,0.025729060173034668,1.2073276042938232
-0.029088955372571945,-0.12287819385528564,0.9837327599525452
-0.08707372844219208,-0.18804305791854858,0.7353322505950928
-0.2034817636013031,-0.13208827376365662,0.6682600378990173
0.04733480140566826,0.13408499956130981,0.9602820873260498
-0.04838275909423828,0.24906928837299347,0.721951961517334
-0.2603941559791565,0.2949562966823578,0.7287139892578125
