-3.975493655161699e-06,-7.966955308802426e-06,0.5637602806091309
0.053320445120334625,0.12265804409980774,0.5590386986732483
-0.3324984908103943,0.2338172197341919,0.44276192784309387
-0.3299798369407654,0.18945035338401794,0.016878485679626465
-0.05332352966070175,-0.12266094982624054,0.5684155821800232
-0.32335537672042847,0.08143411576747894,0.4692654609680176
-0.27979207038879395,-0.03881049156188965,0.0534786581993103
0.041646331548690796,-0.032786235213279724,0.7893866300582886
0.0014633499085903168,0.00756487250328064,1.036937952041626
-0.060681089758872986,0.03421449661254883,1.1250232458114624
0.0033382587134838104,0.025064826011657715,1.2068992853164673
-0.03647913411259651,-0.12251770496368408,0.983381986618042
-0.08983001857995987,-0.18762311339378357,0.7322329878807068
-0.20233884453773499,-0.1325393170118332,0.6524676084518433
0.04402177035808563,0.13435599207878113,0.9613187909126282
-0.04902423918247223,0.24928657710552216,0.722107470035553
-0.26489418745040894,0.29904311895370483,0.7357128858566284
