-4.701289071817882e-06,-7.710807039984502e-06,0.5637593865394592
0.05335013195872307,0.12159405648708344,0.5591269731521606
-0.3300621509552002,0.23379243910312653,0.436115562915802
-0.329569935798645,0.18901938199996948,0.010359048843383789
-0.05335285887122154,-0.12159610539674759,0.5683268308639526
-0.320634126663208,0.08168567717075348,0.46762382984161377
-0.2812957763671875,-0.031213343143463135,0.05207926034927368
0.04764304310083389,-0.034378811717033386,0.7888618111610413
0.01781775802373886,0.00875622034072876,1.036633014678955
-0.04172666370868683,0.03440046310424805,1.123691201210022
0.022041164338588715,0.024526596069335938,1.2069435119628906
-0.020628735423088074,-0.12073168158531189,0.9861389398574829
-0.0651949942111969,-0.19352474808692932,0.7364919185638428
-0.1725923717021942,-0.1503196656703949,0.6402896046638489
0.0591871552169323,0.13284361362457275,0.9572592377662659
-0.02627655863761902,0.2444116324186325,0.714953601360321
-0.23580127954483032,0.2899934947490692,0.7182896137237549
