-3.466871476121014e-06,-8.135761163430288e-06,0.5637607574462891
0.05216503515839577,0.12245748192071915,0.5596300363540649
-0.33438751101493835,0.2310194969177246,0.4332050681114197
-0.334023118019104,0.183811217546463,0.009698867797851562
-0.052167750895023346,-0.12245994061231613,0.567824125289917
-0.32531851530075073,0.07619038224220276,0.45832139253616333
-0.28440386056900024,-0.04130634665489197,0.0442432165145874
0.04794631898403168,-0.03301642835140228,0.7888576984405518
0.016585687175393105,0.00518682599067688,1.036037564277649
-0.044805675745010376,0.03284132480621338,1.1221973896026611
0.017071645706892014,0.02489680051803589,1.206148386001587
-0.021403741091489792,-0.12434524297714233,0.984531044960022
-0.07662177830934525,-0.19142502546310425,0.7372589707374573
-0.19063355028629303,-0.13747955858707428,0.6620370745658875
0.05652580410242081,0.13107523322105408,0.9585327506065369
-0.03982466459274292,0.24812102317810059,0.7206043004989624
-0.2520134449005127,0.2973288297653198,0.7310727834701538
