-3.83219003197155e-06,-8.167384294210933e-06,0.5637612342834473
0.05255065858364105,0.12422459572553635,0.5597400069236755
-0.3343510627746582,0.22724416851997375,0.441934198141098
-0.33234426379203796,0.18477073311805725,0.016605734825134277
-0.05255434289574623,-0.12422800809144974,0.5677145719528198
-0.32551687955856323,0.07532328367233276,0.4678816795349121
-0.2786124348640442,-0.046495527029037476,0.05339306592941284
0.0376768559217453,-0.032049745321273804,0.7909494042396545
-0.013977615162730217,0.010388761758804321,1.0374737977981567
-0.08106327801942825,0.04132932424545288,1.1203291416168213
-0.025170736014842987,0.031378328800201416,1.2068889141082764
-0.05003241077065468,-0.12151429057121277,0.9835620522499084
-0.10206596553325653,-0.18490725755691528,0.7306255102157593
-0.21880987286567688,-0.12322847545146942,0.6515687704086304
0.03358033671975136,0.13830751180648804,0.9625555276870728
-0.04619446396827698,0.25546371936798096,0.7245863676071167
-0.26394474506378174,0.31125909090042114,0.7308982014656067
