-4.174247351329541e-06,-7.775599442538805e-06,0.5637598633766174
0.0530647337436676,0.12196743488311768,0.5601531863212585
-0.3343903720378876,0.23008984327316284,0.42991992831230164
-0.3306330442428589,0.18266776204109192,0.008230805397033691
-0.05306709185242653,-0.12196965515613556,0.5673010349273682
-0.3270724415779114,0.0809551402926445,0.4544939696788788
-0.28739866614341736,-0.035488009452819824,0.04246044158935547
0.05556038022041321,-0.034743279218673706,0.7866467237472534
0.039627768099308014,0.0018911361694335938,1.0356703996658325
-0.016103893518447876,0.029109418392181396,1.1242735385894775
0.048713259398937225,0.016984224319458008,1.2052059173583984
-0.002083227038383484,-0.12524539232254028,0.9852393865585327
-0.05333341658115387,-0.19537697732448578,0.7390493154525757
-0.16193905472755432,-0.15773287415504456,0.6532140970230103
0.07940781861543655,0.12558814883232117,0.9572609663009644
-0.013081088662147522,0.2413446307182312,0.7196071147918701
-0.2184661626815796,0.29698628187179565,0.7396605610847473
