-4.130298748350469e-06,-7.812601324985735e-06,0.5637598037719727
0.05434296652674675,0.12155807018280029,0.5590049028396606
-0.32956624031066895,0.23378102481365204,0.4369094669818878
-0.3269347548484802,0.19158935546875,0.011606752872467041
-0.05434581637382507,-0.12156079709529877,0.5684491395950317
-0.3207949995994568,0.08446750044822693,0.46893996000289917
-0.2781355679035187,-0.032807767391204834,0.05462205410003662
0.048487499356269836,-0.033888429403305054,0.7889620065689087
0.016342267394065857,0.0076399147510528564,1.036665439605713
-0.04770607501268387,0.0324174165725708,1.1214702129364014
0.013118834234774113,0.027517735958099365,1.2065906524658203
-0.021864959970116615,-0.1214216947555542,0.9847670793533325
-0.06606169044971466,-0.19120831787586212,0.7353271842002869
-0.1750355064868927,-0.1465265452861786,0.6447765827178955
0.05937334895133972,0.13130933046340942,0.9586080312728882
-0.021114781498908997,0.24281199276447296,0.7164461016654968
-0.23042577505111694,0.28917139768600464,0.7121143341064453
