-4.31054832006339e-06,-7.89023943070788e-06,0.5637606978416443
0.050791773945093155,0.12522411346435547,0.5597265362739563
-0.3384333848953247,0.22889843583106995,0.4363316595554352
-0.33599692583084106,0.1845453679561615,0.010391712188720703
-0.0507945641875267,-0.12522664666175842,0.5677279233932495
-0.3229660391807556,0.07182103395462036,0.45873957872390747
-0.28611475229263306,-0.05026978254318237,0.04660212993621826
0.04225670546293259,-0.03158348798751831,0.7896602749824524
0.0012676818296313286,0.0060051679611206055,1.0369962453842163
-0.059644825756549835,0.03219813108444214,1.1268689632415771
0.005703285336494446,0.022013068199157715,1.2077171802520752
-0.036258574575185776,-0.12492004036903381,0.9823061227798462
-0.09995321184396744,-0.18847963213920593,0.7335633635520935
-0.22339533269405365,-0.1299453228712082,0.669697642326355
0.0427725575864315,0.13427814841270447,0.9625619053840637
-0.04961508512496948,0.2531355321407318,0.725211501121521
-0.26927676796913147,0.309559166431427,0.7337929010391235
