-4.860788976657204e-06,-7.733080565230921e-06,0.5637606978416443
0.047559238970279694,0.1267094761133194,0.5605183243751526
-0.34579676389694214,0.2205948829650879,0.42995864152908325
-0.33840328454971313,0.1790136694908142,0.00429224967956543
-0.04756218194961548,-0.12671172618865967,0.5669362545013428
-0.32585254311561584,0.06268511712551117,0.4489060640335083
-0.2889668941497803,-0.058169156312942505,0.039139747619628906
0.04908103495836258,-0.032224446535110474,0.78844153881073
0.01926952600479126,-0.00132790207862854,1.0373814105987549
-0.038928914815187454,0.024213790893554688,1.128014087677002
0.028549352660775185,0.01101619005203247,1.2077032327651978
-0.015962406992912292,-0.13097083568572998,0.9812556505203247
-0.07701124250888824,-0.19165366888046265,0.7312091588973999
-0.19813638925552368,-0.1565970480442047,0.6521888971328735
0.05404813587665558,0.12805619835853577,0.9644676446914673
-0.05741000175476074,0.24927003681659698,0.7356998920440674
-0.2770226001739502,0.3044062852859497,0.7400434613227844
