-4.341838575783186e-06,-7.74787440604996e-06,0.563759982585907
0.05365883186459541,0.12184217572212219,0.5590903759002686
-0.33413165807724,0.23481786251068115,0.4336909055709839
-0.3327065110206604,0.18040528893470764,0.011782050132751465
-0.053661100566387177,-0.12184390425682068,0.5683635473251343
-0.3242371678352356,0.08186161518096924,0.4656115174293518
-0.2831647992134094,-0.028383493423461914,0.051312923431396484
0.055721309036016464,-0.034311309456825256,0.7873039245605469
0.03596118837594986,0.005681246519088745,1.0360878705978394
-0.019847586750984192,0.031155765056610107,1.1238086223602295
0.04116327315568924,0.018502354621887207,1.207310676574707
-0.00585203617811203,-0.12273919582366943,0.9861524701118469
-0.05657069757580757,-0.19729310274124146,0.7402618527412415
-0.16651585698127747,-0.15818826854228973,0.6539498567581177
0.07664363831281662,0.1290101706981659,0.9562824964523315
-0.012257568538188934,0.2412870228290558,0.7167974710464478
-0.22257709503173828,0.29531118273735046,0.7291289567947388
