-4.1500006773276255e-06,-8.073884600889869e-06,0.5637605786323547
0.05313682556152344,0.12315003573894501,0.5594890117645264
-0.334895521402359,0.23281094431877136,0.43962565064430237
-0.33067208528518677,0.18940722942352295,0.0130653977394104
-0.053139928728342056,-0.12315277010202408,0.5679654479026794
-0.32310813665390015,0.07899999618530273,0.46562623977661133
-0.2782394289970398,-0.0362873375415802,0.04983329772949219
0.04059801250696182,-0.03351430594921112,0.7893160581588745
-0.0008724499493837357,0.006529301404953003,1.0366398096084595
-0.06419526785612106,0.0328519344329834,1.1230974197387695
-0.00045247189700603485,0.024231135845184326,1.2056858539581299
-0.03769463300704956,-0.12349313497543335,0.9831408858299255
-0.0895150750875473,-0.18743139505386353,0.7318081855773926
-0.20411914587020874,-0.13375325500965118,0.6488758325576782
0.041969552636146545,0.1335221230983734,0.9617668986320496
-0.04508112370967865,0.25018322467803955,0.7230546474456787
-0.2603840231895447,0.3026678264141083,0.7356098890304565
