-4.101578724657884e-06,-7.942275260575116e-06,0.56376051902771
0.051232580095529556,0.1233779564499855,0.5596216320991516
-0.3386446237564087,0.2285255342721939,0.4356948733329773
-0.3400556445121765,0.18552380800247192,0.011872649192810059
-0.05123522877693176,-0.12338025122880936,0.567832887172699
-0.32557156682014465,0.07457071542739868,0.45760324597358704
-0.2890269160270691,-0.04501301050186157,0.04451090097427368
0.04325506091117859,-0.03147523105144501,0.7895470261573792
0.006457202136516571,0.00666731595993042,1.0368947982788086
-0.05315050482749939,0.03393954038619995,1.1266170740127563
0.011954370886087418,0.023951709270477295,1.2075235843658447
-0.031178422272205353,-0.12399613857269287,0.9831706285476685
-0.09266845881938934,-0.18839550018310547,0.7348645329475403
-0.20965811610221863,-0.12685710191726685,0.6741074323654175
0.046499475836753845,0.13413205742835999,0.9606990814208984
-0.04958951473236084,0.25135180354118347,0.7235866189002991
-0.2642114758491516,0.29772406816482544,0.7332445979118347
