-4.193002951069502e-06,-7.796221325406805e-06,0.5637600421905518
0.05314766988158226,0.1221000999212265,0.5600162744522095
-0.33537736535072327,0.23052477836608887,0.43065178394317627
-0.3299102187156677,0.1824072003364563,0.0089493989944458
-0.05315014347434044,-0.12210242450237274,0.5674377083778381
-0.3269079327583313,0.08127014338970184,0.4555724859237671
-0.2848008871078491,-0.035137832164764404,0.042411088943481445
0.056645579636096954,-0.034868791699409485,0.7866446375846863
0.04100318253040314,0.0017285346984863281,1.0355607271194458
-0.014353834092617035,0.028688490390777588,1.1236286163330078
0.04997284710407257,0.017276108264923096,1.205082654953003
-0.0005073398351669312,-0.125687837600708,0.9852495193481445
-0.050808414816856384,-0.19617398083209991,0.7392823696136475
-0.1600198745727539,-0.15963943302631378,0.6531335115432739
0.08057857304811478,0.12530192732810974,0.9573532938957214
-0.012508735060691833,0.2403801530599594,0.7197514772415161
-0.21794027090072632,0.2953697443008423,0.7402036786079407
