-4.006205017503817e-06,-8.088256436167285e-06,0.5637603402137756
0.051789987832307816,0.12363533675670624,0.5596364140510559
-0.33749258518218994,0.22877341508865356,0.437396377325058
-0.3374323844909668,0.18578383326530457,0.012813389301300049
-0.05179280415177345,-0.12363783270120621,0.5678179264068604
-0.32507526874542236,0.07408604025840759,0.46033838391304016
-0.2859761714935303,-0.04586803913116455,0.04725503921508789
0.042305104434490204,-0.031475454568862915,0.7892382144927979
0.003146722912788391,0.0072265565395355225,1.0368456840515137
-0.05805177986621857,0.03397798538208008,1.1255133152008057
0.006827078759670258,0.023813724517822266,1.207673192024231
-0.0339081734418869,-0.12338471412658691,0.9826457500457764
-0.09114471077919006,-0.18868018686771393,0.7333363890647888
-0.2105269730091095,-0.13483262062072754,0.6645690202713013
0.04439171776175499,0.13459309935569763,0.9618948698043823
-0.0487680584192276,0.25145038962364197,0.7223982810974121
-0.26466989517211914,0.2974056601524353,0.7336674928665161
