-6.048288014426362e-06,-6.0458260122686625e-06,0.44779452681541443
0.11580292880535126,-0.011050285771489143,0.44115620851516724
0.28526386618614197,0.11615417152643204,0.45941728353500366
0.04897163063287735,0.03746572136878967,0.13373303413391113
-0.11580981314182281,0.011035935953259468,0.45435625314712524
-0.2266324758529663,0.22145134210586548,0.44900190830230713
-0.09170874953269958,0.10743045806884766,0.09541574120521545
0.010983704589307308,-0.024972334504127502,0.6655794382095337
0.052872367203235626,0.00568738579750061,0.9140822887420654
0.08303772658109665,0.0860799252986908,0.9739117622375488
0.082347571849823,0.04980015754699707,1.0665631294250488
-0.06469643115997314,0.008581936359405518,0.8842413425445557
-0.16620025038719177,0.0818377137184143,0.7095524072647095
-0.18481206893920898,0.14322280883789062,0.6511130332946777
0.15859614312648773,0.004774361848831177,0.8354979753494263
0.18526315689086914,0.09656421840190887,0.59604811668396
0.15433743596076965,0.22517263889312744,0.4336327612400055
