-8.349250492756255e-06,-6.62987440591678e-06,0.44779983162879944
0.11260545998811722,-0.016807090491056442,0.44164183735847473
0.28086069226264954,0.11883355677127838,0.4771868586540222
0.042477525770664215,0.043934643268585205,0.15353083610534668
-0.11261653900146484,0.016788041219115257,0.45387205481529236
-0.22407379746437073,0.250740647315979,0.46887463331222534
-0.08859574794769287,0.15798431634902954,0.128442645072937
0.016181234270334244,-0.039093032479286194,0.6652897596359253
0.07335834950208664,-0.021491646766662598,0.9095743894577026
0.10019340366125107,0.0597110390663147,0.9692115783691406
0.10443348437547684,0.01924186944961548,1.056786298751831
-0.04478466883301735,-0.021558552980422974,0.900682806968689
-0.1294439136981964,0.08596643805503845,0.7751042246818542
-0.12975963950157166,0.13111135363578796,0.7676934003829956
0.16792061924934387,-0.015932559967041016,0.8285079002380371
0.17899265885353088,0.07900811731815338,0.5834406614303589
0.14107990264892578,0.2159443348646164,0.4402284026145935
