-5.111231985210907e-06,-9.556846634950489e-06,0.4478028416633606
0.12795482575893402,-0.03754861652851105,0.447176069021225
0.33822372555732727,0.10081789642572403,0.5552001595497131
0.14951638877391815,0.050265997648239136,0.2453959584236145
-0.12796549499034882,0.037522248923778534,0.44833701848983765
-0.22444599866867065,0.27481356263160706,0.5532740354537964
-0.00030454620718955994,0.15716706216335297,0.24057433009147644
-0.0015393542125821114,0.004835501313209534,0.6230952143669128
0.044032562524080276,0.1180131733417511,0.8127568960189819
0.07133302092552185,0.20982372760772705,0.8176482915878296
0.08446022868156433,0.22790956497192383,0.9217085838317871
-0.07283729314804077,0.13884353637695312,0.7734853029251099
-0.12697118520736694,0.20518091320991516,0.5297525525093079
-0.040920570492744446,0.28864479064941406,0.3928273320198059
0.15366318821907043,0.06886902451515198,0.7625000476837158
0.22287321090698242,0.11325079202651978,0.5257704257965088
0.2126772701740265,0.2742176353931427,0.41037094593048096
