-7.4229465099051595e-06,-8.344875823240727e-06,0.4477989971637726
0.10992217063903809,-0.008946647867560387,0.4378984570503235
0.26468387246131897,0.1268032193183899,0.4780583679676056
0.044016145169734955,0.03035944700241089,0.16285300254821777
-0.10993007570505142,0.008929860778152943,0.4576154053211212
-0.2341524362564087,0.23074987530708313,0.47569137811660767
-0.12015706300735474,0.10472963750362396,0.1247180700302124
0.03483336418867111,-0.022281959652900696,0.6632089614868164
0.10026668757200241,0.004195988178253174,0.9009437561035156
0.11981058865785599,0.08486959338188171,0.9505915641784668
0.12861400842666626,0.052910685539245605,1.0435717105865479
-0.01714819110929966,-0.005552202463150024,0.9011037349700928
-0.09629058837890625,0.1010884940624237,0.8238685131072998
-0.0890766978263855,0.13700121641159058,0.8638008832931519
0.1933925747871399,0.014758437871932983,0.813664436340332
0.18163931369781494,0.11776961386203766,0.5772997140884399
0.13852345943450928,0.24009442329406738,0.4557310938835144
