-3.6714604902954306e-06,-6.66598862153478e-06,0.44779297709465027
0.11491021513938904,-0.03847278282046318,0.4473937153816223
0.3302394449710846,0.131249338388443,0.6162952184677124
0.17459118366241455,0.03757071495056152,0.2598555088043213
-0.11491672694683075,0.038454569876194,0.4481201767921448
-0.1651342213153839,0.284469336271286,0.6308264136314392
-0.042537517845630646,0.1396028995513916,0.2792292833328247
-0.010761551558971405,-0.0341406911611557,0.6515421867370605
0.019756697118282318,0.017945468425750732,0.8960144519805908
0.050377681851387024,0.09803345799446106,0.9326366186141968
0.04032451659440994,0.07481515407562256,1.0301153659820557
-0.08862445503473282,0.0548534095287323,0.8390340805053711
-0.14061623811721802,0.15509217977523804,0.6115599274635315
-0.10613073408603668,0.25000402331352234,0.48408037424087524
0.12273123860359192,-0.02082592248916626,0.8351856470108032
0.2195912003517151,0.03884482383728027,0.6334381103515625
0.2480197697877884,0.19222508370876312,0.520297646522522
