-3.1596928238286637e-06,-1.4509965694742277e-05,0.4478093385696411
0.07169966399669647,-0.009483140893280506,0.4447301924228668
0.2934262752532959,-0.019847407937049866,0.3005290627479553
0.4986153841018677,-0.26558762788772583,0.02399691939353943
-0.07171064615249634,0.009454216808080673,0.4507862329483032
-0.2290154993534088,0.12290903180837631,0.3302886486053467
-0.5127352476119995,0.09108519554138184,0.05463665723800659
-0.008072420954704285,0.03089505434036255,0.5602598786354065
0.004396453499794006,0.12139740586280823,0.6945866346359253
0.0011341273784637451,0.1519620418548584,0.6868506073951721
0.010755151510238647,0.1860085427761078,0.7588683366775513
-0.044454969465732574,0.10209767520427704,0.649056613445282
-0.05742409825325012,0.12432201206684113,0.4082772731781006
-0.06222522258758545,0.16405819356441498,0.20300833880901337
0.049400679767131805,0.11286133527755737,0.643246054649353
0.1306934952735901,0.13379400968551636,0.4252502918243408
0.11868350952863693,0.20078745484352112,0.2538161277770996
