-2.826212039508391e-06,-9.637500625103712e-06,0.44779810309410095
0.11558905243873596,-0.02291237749159336,0.44468262791633606
0.28849324584007263,0.10949649661779404,0.48885536193847656
0.027411239221692085,0.04855886101722717,0.15550974011421204
-0.11559431254863739,0.02289668470621109,0.4508334994316101
-0.22483864426612854,0.23223474621772766,0.5025245547294617
-0.10545827448368073,0.06370823085308075,0.15385761857032776
0.0004590200260281563,0.0022951513528823853,0.6718579530715942
-0.0024410896003246307,0.03219065070152283,0.9208897352218628
0.017028063535690308,0.11316987872123718,0.9696031808853149
0.0006371289491653442,0.07750469446182251,1.0562618970870972
-0.12068721652030945,0.05461466312408447,0.8855359554290771
-0.1867830753326416,0.21213239431381226,0.8671194314956665
-0.2243782877922058,0.3095688223838806,1.022116780281067
0.12014615535736084,0.008433818817138672,0.8930143117904663
0.2627730965614319,0.14510709047317505,0.9523643255233765
0.28226402401924133,0.20769870281219482,1.1112267971038818
