-6.738177944498602e-06,-8.037655788939446e-06,0.4477977752685547
0.11207349598407745,-0.011311693117022514,0.4403134882450104
0.2726782262325287,0.12406440079212189,0.47720032930374146
0.046036288142204285,0.04374086856842041,0.14472833275794983
-0.11208249628543854,0.011293550953269005,0.45519953966140747
-0.22754532098770142,0.22662363946437836,0.46797335147857666
-0.0992952287197113,0.10408155620098114,0.1267545521259308
0.02527035027742386,-0.025713741779327393,0.6648910045623779
0.08450798690319061,-0.0010044276714324951,0.9058344960212708
0.10056672990322113,0.07882827520370483,0.9593453407287598
0.10538733005523682,0.04264688491821289,1.0488861799240112
-0.035586778074502945,-0.005637228488922119,0.9005382061004639
-0.11824147403240204,0.109363853931427,0.808391809463501
-0.1115167886018753,0.1464972198009491,0.8485175371170044
0.18077071011066437,0.0055252909660339355,0.8209258317947388
0.182626873254776,0.10564008355140686,0.5814958214759827
0.14845424890518188,0.23817968368530273,0.4554661810398102
