-4.785340934176929e-06,-7.69076905271504e-06,0.4477849304676056
0.11350681632757187,-0.033185575157403946,0.4510360062122345
0.29425036907196045,0.10141433030366898,0.5579847097396851
0.28436315059661865,-0.041386932134628296,0.19259902834892273
-0.11351074278354645,0.033167868852615356,0.4444786608219147
-0.17071416974067688,0.1979537010192871,0.6129536628723145
-0.11625222861766815,0.05866074562072754,0.2531956434249878
-0.008732715621590614,-0.022953197360038757,0.6524794101715088
0.02694746106863022,0.03315255045890808,0.8908069729804993
0.0601196214556694,0.11019113659858704,0.9345155358314514
0.048581335693597794,0.08016055822372437,1.0289866924285889
-0.07746201008558273,0.06720241904258728,0.8415323495864868
-0.18924656510353088,0.1875566691160202,0.6702207922935486
-0.11400449275970459,0.287511944770813,0.6065995097160339
0.12450142204761505,-0.002855628728866577,0.8277221918106079
0.2583029270172119,0.0500270277261734,0.6515899300575256
0.23860178887844086,0.21990083158016205,0.5831171274185181
