-7.685936907364521e-06,-8.145714673446491e-06,0.4477984309196472
0.1108013242483139,-0.008764856494963169,0.43863645195961
0.26667043566703796,0.12061258405447006,0.4798468053340912
0.048230282962322235,0.030971050262451172,0.16334351897239685
-0.11080938577651978,0.008747544139623642,0.4568772315979004
-0.23652422428131104,0.22087901830673218,0.47158220410346985
-0.12164460122585297,0.09518846869468689,0.12270748615264893
0.03500068560242653,-0.02253742516040802,0.6629552841186523
0.1010260134935379,0.0047446489334106445,0.900525689125061
0.11858469992876053,0.0843171775341034,0.9513462781906128
0.1279822736978531,0.05303668975830078,1.0445412397384644
-0.017328783869743347,-0.003864973783493042,0.9007006883621216
-0.09747473895549774,0.10663968324661255,0.8285479545593262
-0.07522830367088318,0.14201578497886658,0.8651486039161682
0.19455239176750183,0.014179646968841553,0.8125146627426147
0.18275192379951477,0.11640637367963791,0.5758599042892456
0.1409759819507599,0.23981480300426483,0.4537140727043152
