-2.9144716791051906e-06,-1.0961673979181796e-05,0.44778329133987427
0.10001634061336517,-0.023647045716643333,0.4440072774887085
0.28657376766204834,0.011488154530525208,0.32586222887039185
0.40084999799728394,-0.20241034030914307,0.01155388355255127
-0.10002219676971436,0.023628942668437958,0.4515067934989929
-0.25108104944229126,0.1471845805644989,0.3385903835296631
-0.4890477657318115,0.09397542476654053,0.026528745889663696
0.004809580743312836,-0.007424548268318176,0.6408469080924988
0.04536061733961105,0.06817591190338135,0.8677016496658325
0.07178639620542526,0.1455097198486328,0.9133557081222534
0.06856805086135864,0.11754560470581055,1.0068567991256714
-0.053406208753585815,0.08386385440826416,0.802878737449646
-0.10921803116798401,0.12104793637990952,0.5674643516540527
-0.07856737077236176,0.1820240020751953,0.3621816039085388
0.13442862033843994,0.04458954930305481,0.7893776893615723
0.1827046126127243,0.08733584731817245,0.5613353848457336
0.1608876883983612,0.18733471632003784,0.38002341985702515
