-4.443572834134102e-06,-9.256140401703306e-06,0.447784960269928
0.10128844529390335,-0.026224803179502487,0.44656848907470703
0.2832893431186676,0.09545010328292847,0.4152352213859558
0.2821231186389923,-0.07618585228919983,0.06333497166633606
-0.1012931764125824,0.02621142752468586,0.4489394724369049
-0.21356528997421265,0.21196553111076355,0.411442369222641
-0.34105730056762695,0.1241629421710968,0.06450709700584412
-0.002851924393326044,-0.01101386547088623,0.6565970778465271
0.028133442625403404,0.056835681200027466,0.8944127559661865
0.053949177265167236,0.13306105136871338,0.9580453634262085
0.0456220842897892,0.09761345386505127,1.0472447872161865
-0.0713592991232872,0.07787546515464783,0.8309851884841919
-0.09597474336624146,0.14336925745010376,0.5997675657272339
-0.020942896604537964,0.20277045667171478,0.42838361859321594
0.12390850484371185,0.03199616074562073,0.8236768245697021
0.17661446332931519,0.09634275734424591,0.6032191514968872
0.10899633169174194,0.22618670761585236,0.4634992480278015
