-7.899464435467962e-06,-1.3218439562479034e-05,0.44780564308166504
0.108639195561409,-0.026959585025906563,0.44813138246536255
0.33940380811691284,0.022154968231916428,0.39240771532058716
0.4727429151535034,-0.1923539936542511,0.12414038181304932
-0.1086486279964447,0.02693174220621586,0.44738051295280457
-0.3091062903404236,0.18571296334266663,0.4141162037849426
-0.5494743585586548,0.1226896345615387,0.147070050239563
-0.001837293617427349,0.012013033032417297,0.616897702217102
0.03998855501413345,0.12650111317634583,0.8137890100479126
0.06273993849754333,0.20288285613059998,0.8263348340988159
0.06357978284358978,0.19970956444740295,0.924503743648529
-0.06953869760036469,0.14507260918617249,0.7616220712661743
-0.1758694052696228,0.22902873158454895,0.6092591881752014
-0.11448407173156738,0.31045660376548767,0.45052751898765564
0.1418837010860443,0.0859123170375824,0.7573268413543701
0.29320624470710754,0.0874461829662323,0.6152575612068176
0.27481743693351746,0.20724913477897644,0.4676428735256195
