-4.553301096166251e-06,-1.2874630556325428e-05,0.4477912485599518
0.09149636328220367,-0.022358840331435204,0.4427350163459778
0.3073697090148926,0.003736749291419983,0.33339226245880127
0.4755657911300659,-0.2375730276107788,0.05387118458747864
-0.09150440990924835,0.022334739565849304,0.45278027653694153
-0.2660265564918518,0.15034475922584534,0.3466380834579468
-0.5500552654266357,0.09400689601898193,0.07996958494186401
0.00872549507766962,-0.0023952126502990723,0.6156474947929382
0.055972564965486526,0.08579227328300476,0.8170264959335327
0.08036688715219498,0.15939569473266602,0.8367778062820435
0.07726837694644928,0.1528838872909546,0.9373915195465088
-0.03737029433250427,0.0976509153842926,0.7530642747879028
-0.09611046314239502,0.14199115335941315,0.5304007530212402
-0.08536021411418915,0.2098364382982254,0.3270028829574585
0.1372036635875702,0.06294524669647217,0.7453580498695374
0.18462343513965607,0.10180298984050751,0.541235089302063
0.16462492942810059,0.19391390681266785,0.35563603043556213
