-4.779637947649462e-06,-1.204917862196453e-05,0.4477890729904175
0.10149472951889038,-0.025828223675489426,0.4461711049079895
0.2964276075363159,0.07947642356157303,0.3705609440803528
0.3858771324157715,-0.11842003464698792,0.041488081216812134
-0.1014997810125351,0.025813506916165352,0.44933804869651794
-0.2266036570072174,0.21038413047790527,0.3747659921646118
-0.4312635064125061,0.14527401328086853,0.04837372899055481
-0.004056979436427355,-0.011934146285057068,0.6463856101036072
0.029288003221154213,0.060437172651290894,0.8782930374145508
0.05135291442275047,0.13593614101409912,0.9387872219085693
0.04256492480635643,0.10491591691970825,1.027806043624878
-0.0708613395690918,0.07725194096565247,0.8106924295425415
-0.09747485816478729,0.11952124536037445,0.5731722712516785
-0.039205797016620636,0.18051478266716003,0.3800439238548279
0.12453477829694748,0.03596001863479614,0.8054410219192505
0.16671940684318542,0.08744655549526215,0.573162317276001
0.10865874588489532,0.21445275843143463,0.4033496379852295
