-4.909349627268966e-06,-5.889174644835293e-06,0.44778838753700256
0.11335913091897964,-0.01406844612210989,0.44283270835876465
0.28300240635871887,0.11916940659284592,0.4317627549171448
0.05374820530414581,0.027138859033584595,0.117656409740448
-0.11336489766836166,0.014053248800337315,0.45267781615257263
-0.22208654880523682,0.24934649467468262,0.4365968108177185
-0.08920726180076599,0.10109472274780273,0.08967751264572144
0.0067452797666192055,-0.030030369758605957,0.6671789884567261
0.042548611760139465,0.006811022758483887,0.9131472110748291
0.07697919756174088,0.08434063196182251,0.9828959703445435
0.07919353991746902,0.04538381099700928,1.0765445232391357
-0.06584237515926361,0.018912702798843384,0.8665643334388733
-0.11158475279808044,0.08178110420703888,0.6336554288864136
-0.06216764450073242,0.13827210664749146,0.5050398707389832
0.14441463351249695,-0.0023363232612609863,0.8357404470443726
0.17958156764507294,0.0686948150396347,0.5864412188529968
0.14514485001564026,0.20217114686965942,0.42398571968078613
