-3.1537210816168226e-06,-7.445985829690471e-06,0.4477953314781189
0.1152372658252716,-0.03960763290524483,0.446236252784729
0.3365459442138672,0.13695251941680908,0.6159418225288391
0.16725996136665344,0.035554349422454834,0.2617610692977905
-0.11524456739425659,0.039588090032339096,0.449276864528656
-0.1713605523109436,0.2946661114692688,0.6269019842147827
-0.03832491487264633,0.13162489235401154,0.2806006371974945
-0.009758426807820797,-0.034970954060554504,0.6511274576187134
0.025168608874082565,0.020377635955810547,0.8949772119522095
0.05364810302853584,0.09913948178291321,0.9312434792518616
0.048468802124261856,0.07991939783096313,1.030398964881897
-0.0826466828584671,0.05557122826576233,0.8374608755111694
-0.1301998496055603,0.14570412039756775,0.5988057255744934
-0.09728842973709106,0.24051018059253693,0.4611232876777649
0.12619400024414062,-0.020058393478393555,0.833116888999939
0.21080023050308228,0.03323674201965332,0.6202581524848938
0.23693698644638062,0.17784209549427032,0.49979186058044434
