-2.3888696887297556e-07,-8.348844858119264e-06,0.4477910101413727
0.1119270995259285,-0.03579333424568176,0.4437468945980072
0.3015327751636505,0.11984824389219284,0.5261037349700928
0.09953565150499344,0.1012917309999466,0.19122233986854553
-0.11193391680717468,0.03577812761068344,0.4517626166343689
-0.20468240976333618,0.29343101382255554,0.4957241415977478
-0.060567259788513184,0.18298637866973877,0.14011859893798828
0.0017767567187547684,-0.04447390139102936,0.659221887588501
0.02457166090607643,-0.0096055269241333,0.9138094186782837
0.055117230862379074,0.06463217735290527,0.9850488901138306
0.04525012895464897,0.02205061912536621,1.0768681764602661
-0.0757177472114563,0.028773069381713867,0.8597196936607361
-0.07804616540670395,0.1155758947134018,0.5945586562156677
-0.008979760110378265,0.18716034293174744,0.41159185767173767
0.1255936324596405,-0.0396709144115448,0.8482348918914795
0.16701459884643555,0.010378316044807434,0.5915864706039429
0.1463080495595932,0.15319223701953888,0.4346427321434021
