-3.195616045559291e-06,-6.965281500015408e-06,0.44779160618782043
0.11255989223718643,-0.012948677875101566,0.44167786836624146
0.28239187598228455,0.13304781913757324,0.4650350511074066
0.04730597138404846,0.028399348258972168,0.13102561235427856
-0.11256568133831024,0.012935826554894447,0.4538331925868988
-0.23239946365356445,0.24524077773094177,0.47439804673194885
-0.11502419412136078,0.10477861762046814,0.11683207750320435
0.019926469773054123,-0.015072077512741089,0.6679295897483826
0.06750240176916122,0.023938119411468506,0.9156882166862488
0.09336790442466736,0.10471665859222412,0.9790493249893188
0.09444738179445267,0.06706660985946655,1.0710484981536865
-0.05237812548875809,0.03045925498008728,0.8889596462249756
-0.13939988613128662,0.13761578500270844,0.712886393070221
-0.10753542184829712,0.17783990502357483,0.7235927581787109
0.1731438934803009,0.021319329738616943,0.8357362747192383
0.19863229990005493,0.12344269454479218,0.5989430546760559
0.1511530578136444,0.24664220213890076,0.4581017792224884
