-4.454490408534184e-06,-7.530201401095837e-06,0.44778987765312195
0.11193817853927612,-0.030908647924661636,0.45192962884902954
0.28738927841186523,0.11217386275529861,0.585106372833252
0.21180231869220734,-0.013343557715415955,0.22580498456954956
-0.11194212734699249,0.030894098803400993,0.443584680557251
-0.15279367566108704,0.2072678506374359,0.6302036046981812
-0.028087042272090912,0.06287571787834167,0.269566148519516
-0.01570589281618595,-0.02420908212661743,0.6528160572052002
0.01814892143011093,0.03668317198753357,0.8937121629714966
0.049973178654909134,0.11409655213356018,0.9347004294395447
0.03489033132791519,0.08025836944580078,1.0280895233154297
-0.08598629385232925,0.06899085640907288,0.8410074710845947
-0.18154758214950562,0.1936134397983551,0.664659857749939
-0.10343626141548157,0.2919382154941559,0.6043583750724792
0.11834391951560974,-0.0015276670455932617,0.8348832130432129
0.2662254571914673,0.03938542306423187,0.6658259630203247
0.2526719570159912,0.21843625605106354,0.6024673581123352
