-5.650810635415837e-06,-7.0670976128894836e-06,0.44779348373413086
0.11209791153669357,-0.033696260303258896,0.44990068674087524
0.3123595118522644,0.1275644302368164,0.6040250062942505
0.18130886554718018,0.025652021169662476,0.24849669635295868
-0.11210325360298157,0.033680547028779984,0.44561347365379333
-0.15569263696670532,0.2537926733493805,0.6300214529037476
-0.028457507491111755,0.11942342668771744,0.2774653136730194
-0.016310565173625946,-0.02728530764579773,0.6493273377418518
0.015037331730127335,0.026245027780532837,0.8943849205970764
0.045431673526763916,0.10134926438331604,0.9347802400588989
0.03548913821578026,0.07613354921340942,1.0280331373214722
-0.09000818431377411,0.05968990921974182,0.8372402191162109
-0.167807936668396,0.18049286305904388,0.6401189565658569
-0.1147620677947998,0.273127019405365,0.55859375
0.11630124598741531,-0.01293131709098816,0.8368082046508789
0.2565461993217468,0.028454363346099854,0.659601092338562
0.2655753195285797,0.19359683990478516,0.5832824110984802
