-6.690120244456921e-07,-7.70947735873051e-06,0.44778937101364136
0.11247248947620392,-0.03581627085804939,0.4432530403137207
0.29451626539230347,0.11996913701295853,0.5171285271644592
0.09425538033246994,0.09352554380893707,0.18454092741012573
-0.11247874796390533,0.035800982266664505,0.4522562623023987
-0.20184507966041565,0.2900404930114746,0.48875483870506287
-0.05366334319114685,0.18165022134780884,0.1322917640209198
0.0015313271433115005,-0.0449599027633667,0.6616994142532349
0.023693863302469254,-0.010639339685440063,0.9166576862335205
0.054529547691345215,0.06546890735626221,0.987535834312439
0.04362493008375168,0.02548825740814209,1.0810261964797974
-0.07808414101600647,0.02805224061012268,0.861280083656311
-0.08739255368709564,0.11470076441764832,0.5968064665794373
-0.010948561131954193,0.1798214465379715,0.41490399837493896
0.12663473188877106,-0.040518105030059814,0.8520615100860596
0.17133882641792297,0.009648710489273071,0.5960543155670166
0.14547455310821533,0.1539263129234314,0.4361492693424225
