-4.102926595805911e-06,-1.0804647899931297e-05,0.4477854371070862
0.09892923384904861,-0.025041131302714348,0.446029931306839
0.28855276107788086,0.02068711817264557,0.33067184686660767
0.3964865505695343,-0.1776101291179657,0.008585542440414429
-0.09893485903739929,0.025023257359862328,0.44948241114616394
-0.2430076003074646,0.1510610282421112,0.34183594584465027
-0.45876288414001465,0.11088180541992188,0.019294798374176025
-0.0023488772567361593,-0.01195557415485382,0.644322395324707
0.037526920437812805,0.05998420715332031,0.8753743171691895
0.060724951326847076,0.13560372591018677,0.9283528327941895
0.05623698607087135,0.10769426822662354,1.0212191343307495
-0.06139920651912689,0.0764760673046112,0.8083852529525757
-0.10896876454353333,0.11326907575130463,0.5706062316894531
-0.08459344506263733,0.17194175720214844,0.3602641224861145
0.12873126566410065,0.03591102361679077,0.7975120544433594
0.1786860227584839,0.08225400745868683,0.5674346089363098
0.15383748710155487,0.18272191286087036,0.3728415369987488
