-3.7688269003410824e-06,-1.0182473488384858e-05,0.4478025436401367
0.12306725978851318,-0.0360863022506237,0.4466542601585388
0.3431618809700012,0.096245177090168,0.578609824180603
0.16780363023281097,0.058973535895347595,0.26717889308929443
-0.12307733297348022,0.036063678562641144,0.4488556683063507
-0.22559064626693726,0.2838064134120941,0.553607165813446
-0.009984731674194336,0.1915736198425293,0.23564279079437256
-0.004321329761296511,-0.03442290425300598,0.6310809254646301
0.03885270655155182,0.026903927326202393,0.8603907823562622
0.07426875084638596,0.10619470477104187,0.9136706590652466
0.06909473985433578,0.08400583267211914,1.0123944282531738
-0.07340584695339203,0.06348291039466858,0.8108835220336914
-0.1224868893623352,0.15070834755897522,0.5566263794898987
-0.06001918017864227,0.2525879740715027,0.39737668633461
0.14555662870407104,-0.0132027268409729,0.795699954032898
0.19790789484977722,0.04212041199207306,0.5437662601470947
0.20864823460578918,0.20452569425106049,0.4128457307815552
