-3.960600224672817e-06,-1.0950921932817437e-05,0.4477854371070862
0.0986999049782753,-0.026025934144854546,0.4458039402961731
0.2881855368614197,0.014436662197113037,0.3255484998226166
0.40066713094711304,-0.1790708303451538,0.005816549062728882
-0.09870535135269165,0.026007557287812233,0.44970887899398804
-0.24574649333953857,0.14593690633773804,0.3370925486087799
-0.4570245146751404,0.10514310002326965,0.016116052865982056
-0.00035477301571518183,-0.010625705122947693,0.6447546482086182
0.038891926407814026,0.06204292178153992,0.8754628896713257
0.06273218989372253,0.1388988494873047,0.9280967712402344
0.05867119878530502,0.11116492748260498,1.021436333656311
-0.06022803485393524,0.07881644368171692,0.8081372976303101
-0.10759416222572327,0.11438076198101044,0.5703014135360718
-0.08204720914363861,0.1717311143875122,0.3603585958480835
0.12989945709705353,0.03664383292198181,0.7988626956939697
0.18103832006454468,0.08033587038516998,0.5697062015533447
0.1576450765132904,0.17699465155601501,0.37501370906829834
