-1.0033709259005263e-05,-1.1776402971008793e-05,0.4478008449077606
0.10978921502828598,-0.02832387574017048,0.4432981610298157
0.3467627763748169,0.0354682058095932,0.3817811906337738
0.4867900609970093,-0.20188310742378235,0.10688745975494385
-0.10979793965816498,0.028297003358602524,0.45221322774887085
-0.2982175350189209,0.20918089151382446,0.4106596112251282
-0.5618014335632324,0.14159223437309265,0.14663729071617126
0.0024599386379122734,-0.0012681037187576294,0.628828763961792
0.04606519266963005,0.10063135623931885,0.8387254476547241
0.06780948489904404,0.1759108304977417,0.8623700141906738
0.0675361230969429,0.16549724340438843,0.9600218534469604
-0.06864335387945175,0.11942759156227112,0.7846255302429199
-0.18824324011802673,0.2002028375864029,0.6207549571990967
-0.12974169850349426,0.28183531761169434,0.4466887414455414
0.15041598677635193,0.06080406904220581,0.77643883228302
0.30040720105171204,0.06171309947967529,0.6246845722198486
0.2775593400001526,0.19499367475509644,0.477701872587204
