-2.3906200112833176e-06,-6.4482082962058485e-06,0.447783887386322
0.11328113079071045,-0.02288423851132393,0.4444461762905121
0.29619109630584717,0.12053627520799637,0.45622843503952026
0.04067333787679672,0.030749380588531494,0.12677350640296936
-0.11328683793544769,0.02287115715444088,0.45106276869773865
-0.22220724821090698,0.2517876625061035,0.4526635408401489
-0.09154310822486877,0.07690355181694031,0.10697203874588013
-0.0009770914912223816,-0.010707229375839233,0.6664828062057495
0.01858740672469139,0.04301682114601135,0.9155620336532593
0.04245949536561966,0.1278732419013977,0.9830517768859863
0.033355601131916046,0.08691161870956421,1.0778241157531738
-0.09408871829509735,0.06329202651977539,0.8564621210098267
-0.1317325383424759,0.1349535882472992,0.6136962175369263
-0.07572862505912781,0.21095451712608337,0.4438982307910919
0.13384829461574554,0.022933870553970337,0.8464702367782593
0.19561612606048584,0.0887504369020462,0.6064990758895874
0.1583416759967804,0.2081233561038971,0.4431995749473572
