-4.13235102314502e-06,-8.260725735453889e-06,0.4477865993976593
0.11320699751377106,-0.03243401274085045,0.45141854882240295
0.2885730564594269,0.09871231764554977,0.5698524713516235
0.27149319648742676,-0.034956514835357666,0.20286431908607483
-0.11321090906858444,0.03241763263940811,0.44409647583961487
-0.16452725231647491,0.19124996662139893,0.6226584315299988
-0.08864273130893707,0.043126195669174194,0.2651720941066742
-0.010026303119957447,-0.02729809284210205,0.6531235575675964
0.025699060410261154,0.029006391763687134,0.8918342590332031
0.05792858451604843,0.10739529132843018,0.9358406066894531
0.04477609694004059,0.07651627063751221,1.0303523540496826
-0.07829560339450836,0.06195634603500366,0.8413987755775452
-0.18990081548690796,0.18368098139762878,0.6708498001098633
-0.11576050519943237,0.2926141619682312,0.6141163110733032
0.12477715313434601,-0.005706667900085449,0.8282331228256226
0.26528066396713257,0.05135805904865265,0.6555168628692627
0.24348898231983185,0.2246720790863037,0.5891743898391724
