-5.039290044805966e-06,-5.731337296310812e-06,0.44778817892074585
0.11248364299535751,-0.014479447156190872,0.4435693025588989
0.2827865481376648,0.11880671232938766,0.42789557576179504
0.05921374261379242,0.026374906301498413,0.11357995867729187
-0.11248932778835297,0.01446459162980318,0.4519408643245697
-0.22058212757110596,0.24757027626037598,0.43278977274894714
-0.08760961890220642,0.09414368867874146,0.08705374598503113
0.0047270795330405235,-0.02960076928138733,0.6666004657745361
0.037248484790325165,0.008760213851928711,0.9126513004302979
0.06945470720529556,0.08561843633651733,0.9831579923629761
0.0699823647737503,0.0469588041305542,1.0768355131149292
-0.06874588876962662,0.02169850468635559,0.8618993759155273
-0.10627448558807373,0.08212465047836304,0.6265326142311096
-0.05709034204483032,0.13976766169071198,0.47874367237091064
0.13935256004333496,-0.00142708420753479,0.8366196155548096
0.1794048547744751,0.06621062010526657,0.5870637893676758
0.14442549645900726,0.19723725318908691,0.420629620552063
