-1.255202732863836e-06,-2.0194886019453406e-05,0.44783079624176025
0.030626941472291946,-0.017140064388513565,0.4414074718952179
0.13553215563297272,-0.06416428089141846,0.3560272455215454
0.1367936134338379,-0.17482617497444153,0.048684924840927124
-0.030635487288236618,0.017113815993070602,0.4541206657886505
-0.12914256751537323,0.050069570541381836,0.3553226590156555
-0.194112628698349,-0.037224531173706055,0.0413002073764801
0.012591667473316193,0.029997505247592926,0.5635650157928467
0.056169960647821426,0.14439114928245544,0.690313458442688
0.08298423141241074,0.1870950162410736,0.7201486825942993
0.10253045707941055,0.2534700036048889,0.7806609869003296
0.03654677793383598,0.13922885060310364,0.6484863758087158
0.01208673045039177,0.19693931937217712,0.46579355001449585
-0.041132450103759766,0.239246666431427,0.28564581274986267
0.06380987167358398,0.12107466161251068,0.6536920666694641
0.14792750775814056,0.11878518760204315,0.46252480149269104
0.17742158472537994,0.203879714012146,0.30278727412223816
