-6.704457518935669e-06,-7.016409654170275e-06,0.4477977752685547
0.11379674077033997,-0.011179918423295021,0.4399612247943878
0.2846919298171997,0.11699645221233368,0.46474888920783997
0.0403265617787838,0.03586658835411072,0.1355426013469696
-0.11380532383918762,0.011164195835590363,0.4555520713329315
-0.2250814437866211,0.21657976508140564,0.4632645845413208
-0.09032565355300903,0.11079423129558563,0.1099165678024292
0.015107251703739166,-0.025406628847122192,0.665657103061676
0.0651785358786583,-0.0002047419548034668,0.9123462438583374
0.08929391205310822,0.08166384696960449,0.9713462591171265
0.08984066545963287,0.042600393295288086,1.0607925653457642
-0.054548874497413635,-0.002190709114074707,0.8941524624824524
-0.144963338971138,0.08306184411048889,0.7548065185546875
-0.1872301995754242,0.14287477731704712,0.7613300085067749
0.16821566224098206,0.0030940771102905273,0.8321502208709717
0.1880147010087967,0.09989564120769501,0.591666579246521
0.15919280052185059,0.22990596294403076,0.4457108676433563
