-4.79809432363254e-06,-1.193129355669953e-05,0.4477885365486145
0.09930063039064407,-0.024377688765525818,0.4462362229824066
0.29539597034454346,0.08048102259635925,0.3793894350528717
0.36623242497444153,-0.10929650068283081,0.04672232270240784
-0.09930557012557983,0.02436317689716816,0.44927263259887695
-0.22556757926940918,0.2027534693479538,0.3824409246444702
-0.41922757029533386,0.13362780213356018,0.05434313416481018
-0.0033335662446916103,-0.010931029915809631,0.6488669514656067
0.029932299628853798,0.0595916211605072,0.8822641372680664
0.053234320133924484,0.13500085473060608,0.9438334703445435
0.04519929736852646,0.10211950540542603,1.0324056148529053
-0.06975813210010529,0.07561728358268738,0.8163397312164307
-0.0952201634645462,0.12343771010637283,0.5814136266708374
-0.03341154009103775,0.18072086572647095,0.39455538988113403
0.12491652369499207,0.03703278303146362,0.8085994720458984
0.171006977558136,0.0905722826719284,0.5787265300750732
0.10753142833709717,0.21776911616325378,0.4193049669265747
