-3.05238881992409e-06,-1.1898722732439637e-05,0.44779542088508606
0.0905083566904068,-0.017864543944597244,0.44778865575790405
0.2837580144405365,-0.04290146380662918,0.3413820266723633
0.4442415237426758,-0.29750508069992065,0.07605016231536865
-0.09051653742790222,0.01783822290599346,0.4477289617061615
-0.2534573972225189,0.10930663347244263,0.3567754030227661
-0.448944628238678,-0.0345383882522583,0.09324729442596436
0.015235485509037971,0.04840512573719025,0.5906894207000732
0.0515381395816803,0.17950767278671265,0.7510367631912231
0.06835544854402542,0.2554662227630615,0.7370665073394775
0.07002659887075424,0.2768436074256897,0.832473635673523
-0.04005367308855057,0.17838574945926666,0.6986184120178223
-0.11795102059841156,0.2242012470960617,0.486161470413208
-0.0935850441455841,0.28053075075149536,0.28216153383255005
0.13825400173664093,0.15194514393806458,0.6974084377288818
0.23224714398384094,0.19218692183494568,0.48641547560691833
0.18534351885318756,0.28289419412612915,0.3081502616405487
