-2.5391377675987314e-06,-1.1845473636640236e-05,0.4477923810482025
0.09335382282733917,-0.018880970776081085,0.4440577030181885
0.3297973871231079,-0.06696009635925293,0.31909745931625366
0.5079763531684875,-0.3487013578414917,0.06958019733428955
-0.09336249530315399,0.01885358616709709,0.4514588415622711
-0.27511540055274963,0.11806577444076538,0.32875797152519226
-0.42568227648735046,-0.03746804594993591,0.06943368911743164
0.01116690319031477,0.02794545888900757,0.6096922755241394
0.05376060679554939,0.14376521110534668,0.7979989051818848
0.07668809592723846,0.22048476338386536,0.8087978363037109
0.07385259866714478,0.22627079486846924,0.9110908508300781
-0.041324809193611145,0.14262932538986206,0.7366178035736084
-0.12253667414188385,0.1805698424577713,0.5214118361473083
-0.13254894316196442,0.2569417357444763,0.3177897334098816
0.14068181812763214,0.1191735565662384,0.730256199836731
0.22801250219345093,0.16918951272964478,0.5143343210220337
0.1769886314868927,0.27106496691703796,0.3333010673522949
