-2.838629825419048e-06,-6.230926373973489e-06,0.44778573513031006
0.1121424064040184,-0.01531095802783966,0.44330674409866333
0.28996118903160095,0.1246548742055893,0.46124815940856934
0.050512466579675674,0.027424365282058716,0.12916907668113708
-0.11214734613895416,0.015298733487725258,0.4522029459476471
-0.22851422429084778,0.24400514364242554,0.4581407308578491
-0.1118338406085968,0.0889817476272583,0.10828953981399536
0.010620368644595146,-0.013005271553993225,0.6678529977798462
0.04670405015349388,0.03399941325187683,0.9163181185722351
0.071006640791893,0.11570209264755249,0.9847652912139893
0.07040021568536758,0.07551324367523193,1.077594518661499
-0.06929511576890945,0.04433372616767883,0.8687418699264526
-0.12987470626831055,0.11368551850318909,0.640598475933075
-0.08468270301818848,0.17368967831134796,0.536929190158844
0.15641750395298004,0.02409985661506653,0.8413974046707153
0.19602972269058228,0.1080055758357048,0.6024969816207886
0.1474171280860901,0.2276289165019989,0.4457530677318573
