6.276204658206552e-07,-5.338015398592688e-06,0.950913667678833
0.13574206829071045,-0.03313622623682022,0.9571027755737305
0.07465165853500366,-0.0973082184791565,0.4851142466068268
0.008869558572769165,-0.19236576557159424,0.039775550365448
-0.13574165105819702,0.033128999173641205,0.9446675777435303
-0.14629140496253967,-0.027020126581192017,0.47265636920928955
-0.15301008522510529,-0.1279381513595581,0.023123085498809814
-0.004376547411084175,-0.07349050045013428,1.2005594968795776
0.016392435878515244,-0.0035774409770965576,1.450221300125122
0.03763550519943237,0.07536667585372925,1.542834758758545
0.03393767029047012,0.02362161874771118,1.640732765197754
-0.10694290697574615,0.02066946029663086,1.3702367544174194
-0.1847083866596222,0.04175816476345062,1.0912729501724243
-0.07257170975208282,0.07464737445116043,0.8957459926605225
0.13427330553531647,-0.04136255383491516,1.3780046701431274
0.18886864185333252,-0.03749764710664749,1.102181315422058
0.07953688502311707,0.0711149051785469,0.9388551712036133
