-2.6466691451787483e-06,-8.402852472499944e-06,0.9509190917015076
0.138666570186615,-0.03951506316661835,0.9619815349578857
0.09660151600837708,-0.10884964466094971,0.4775349199771881
0.043341174721717834,-0.29357588291168213,0.06344479322433472
-0.1386687308549881,0.03950049728155136,0.9397919178009033
-0.16476750373840332,-0.012750208377838135,0.45954644680023193
-0.22592633962631226,-0.17754864692687988,0.04952007532119751
-0.016685666516423225,-0.0551726371049881,1.2016406059265137
-0.0019898503087460995,-0.017852693796157837,1.4555952548980713
0.024230264127254486,0.0575108528137207,1.5448267459869385
0.014331802725791931,-0.004516482353210449,1.6343485116958618
-0.142011821269989,0.011694222688674927,1.4026978015899658
-0.39244574308395386,0.07133260369300842,1.2655272483825684
-0.46593761444091797,0.22776541113853455,1.2048237323760986
0.12930193543434143,-0.0739063024520874,1.3948264122009277
0.3506034016609192,-0.12827558815479279,1.2227516174316406
0.5062369108200073,0.006780445575714111,1.1645183563232422
