1.3691251297132112e-06,-7.738437489024363e-06,0.9509134292602539
0.13048401474952698,-0.03537466749548912,0.9588996171951294
0.061663687229156494,-0.06736820936203003,0.47589990496635437
-0.005289711058139801,-0.14481419324874878,0.025438904762268066
-0.1304841935634613,0.035367295145988464,0.9428722858428955
-0.1520845890045166,-0.048149287700653076,0.4706733822822571
-0.1685895323753357,-0.2037060260772705,0.04119223356246948
-0.020536761730909348,-0.06858934462070465,1.1994606256484985
0.015847690403461456,-0.006887882947921753,1.4481027126312256
0.041666992008686066,0.06957656145095825,1.5465946197509766
0.030283255502581596,0.017797887325286865,1.6390037536621094
-0.09987704455852509,0.03551793098449707,1.368028163909912
-0.17578765749931335,0.07913093268871307,1.0873878002166748
-0.07335025072097778,0.13792026042938232,0.8524202108383179
0.1230233907699585,-0.06244513392448425,1.366224765777588
0.17408549785614014,-0.11519211530685425,1.078691840171814
0.15950576961040497,-0.05009051412343979,0.8395410776138306
