1.4819866009929683e-06,-6.879534339532256e-06,0.9509125351905823
0.13561779260635376,-0.02522667497396469,0.9604792594909668
0.06743592023849487,-0.0915345549583435,0.4821777045726776
0.016459643840789795,-0.2061152458190918,0.04172682762145996
-0.13561774790287018,0.025217682123184204,0.9412918090820312
-0.1275152713060379,-0.06123390793800354,0.46421730518341064
-0.12855510413646698,-0.1857978105545044,0.021423399448394775
-0.009077100083231926,-0.06757590174674988,1.2018964290618896
0.013216923922300339,-0.00786513090133667,1.4516308307647705
0.038675546646118164,0.06917500495910645,1.5421631336212158
0.03890315443277359,0.016438543796539307,1.6363375186920166
-0.1140604317188263,0.008349090814590454,1.3758878707885742
-0.2313791811466217,-0.019278764724731445,1.099561095237732
-0.2711910605430603,0.02326957881450653,0.8434680700302124
0.13095225393772125,-0.04979082942008972,1.3724033832550049
0.18959946930408478,-0.11115645617246628,1.089227318763733
0.19880841672420502,-0.07913478463888168,0.8391703963279724
