3.2979442039504647e-06,-9.186638635583222e-06,0.9509166479110718
0.13672173023223877,-0.03816961497068405,0.9613536596298218
0.06555883586406708,-0.1094290018081665,0.48409897089004517
0.014017969369888306,-0.22278070449829102,0.040869176387786865
-0.13672274351119995,0.03816100209951401,0.9404172301292419
-0.14626187086105347,-0.05115771293640137,0.4632751941680908
-0.15503904223442078,-0.1742250919342041,0.01935368776321411
-0.018132861703634262,-0.06596164405345917,1.2021585702896118
0.005390295293182135,-0.012312263250350952,1.4521422386169434
0.03140195459127426,0.06439119577407837,1.5441251993179321
0.02494487725198269,0.01019662618637085,1.6393110752105713
-0.12329556047916412,0.013554900884628296,1.374699354171753
-0.24597901105880737,-0.007554933428764343,1.1046198606491089
-0.2797396779060364,0.047885261476039886,0.8529751300811768
0.12457740306854248,-0.06432715058326721,1.3744502067565918
0.19362479448318481,-0.14512237906455994,1.1029304265975952
0.2289591133594513,-0.12357207387685776,0.8545000553131104
