7.434823601215612e-07,-6.665297405561432e-06,0.9509145021438599
0.13628089427947998,-0.033107273280620575,0.9566068053245544
0.07131211459636688,-0.0918266773223877,0.4841157793998718
0.014093935489654541,-0.19614410400390625,0.03610539436340332
-0.13627989590168,0.03310064598917961,0.9451637864112854
-0.14325149357318878,-0.02545061707496643,0.4698766767978668
-0.14025039970874786,-0.1367429494857788,0.02013307809829712
-0.00649135559797287,-0.07665592432022095,1.2014561891555786
0.03729940205812454,-0.013037681579589844,1.4483486413955688
0.05983385443687439,0.0687139630317688,1.5407679080963135
0.06015224754810333,0.01461648941040039,1.638012409210205
-0.087042436003685,0.021731972694396973,1.37589430809021
-0.15807434916496277,0.07171395421028137,1.1008107662200928
-0.02824924886226654,0.1131451427936554,0.9010913968086243
0.1497143805027008,-0.055351704359054565,1.3635796308517456
0.1908833384513855,-0.06435243785381317,1.0758808851242065
0.11262713372707367,0.03763457387685776,0.8709301352500916
