-1.3529179341276176e-06,-6.8877398007316515e-06,0.554898202419281
0.041541483253240585,0.13097137212753296,0.5441003441810608
-0.341172993183136,0.20452377200126648,0.41259199380874634
-0.15245619416236877,0.01952075958251953,0.06472277641296387
-0.04154408350586891,-0.13097697496414185,0.5656322836875916
-0.34797507524490356,-0.012945249676704407,0.4036417603492737
-0.13120301067829132,-0.12677496671676636,0.015980839729309082
0.03586307168006897,-0.008657112717628479,0.7767308354377747
0.02010468766093254,0.02718380093574524,1.0286675691604614
-0.03357343375682831,0.04615265130996704,1.1151235103607178
0.03884964436292648,0.033885180950164795,1.1948237419128418
-0.011838532984256744,-0.10365474224090576,0.9780341386795044
-0.09034386277198792,-0.16986849904060364,0.739499568939209
-0.24074053764343262,-0.1430673748254776,0.6462494134902954
0.049709487706422806,0.15026408433914185,0.9514405131340027
-0.02019679546356201,0.26432937383651733,0.7100738286972046
-0.22239795327186584,0.29746702313423157,0.7238141894340515
