-9.837876859819517e-07,-6.851983926026151e-06,0.5548976063728333
0.04216879606246948,0.1306445449590683,0.5445927977561951
-0.339766263961792,0.2050553858280182,0.4151524305343628
-0.15197941660881042,0.020790129899978638,0.06725546717643738
-0.04217156395316124,-0.13064980506896973,0.5651398301124573
-0.34854358434677124,-0.011411279439926147,0.4044615626335144
-0.13547879457473755,-0.1252945065498352,0.014626920223236084
0.03552037477493286,-0.008275851607322693,0.77662193775177
0.018332889303565025,0.027663737535476685,1.0284985303878784
-0.038596466183662415,0.04681879281997681,1.1130176782608032
0.03238147124648094,0.03628748655319214,1.1946488618850708
-0.013127658516168594,-0.10292178392410278,0.9770521521568298
-0.08526236563920975,-0.17090533673763275,0.7383613586425781
-0.2344750314950943,-0.14668671786785126,0.6455298066139221
0.04970267415046692,0.14997541904449463,0.9522851705551147
-0.008141271770000458,0.26404139399528503,0.7084288597106934
-0.21560972929000854,0.2970408797264099,0.7175496220588684
