-3.459749677858781e-07,-7.24267192708794e-06,0.5548977851867676
0.041419949382543564,0.1310512274503708,0.5441070199012756
-0.3390082120895386,0.2055806815624237,0.41205132007598877
-0.15238824486732483,0.025136351585388184,0.0625377893447876
-0.04142238572239876,-0.1310562640428543,0.5656255483627319
-0.34663259983062744,-0.013486295938491821,0.40547552704811096
-0.13733771443367004,-0.12350064516067505,0.014084398746490479
0.04077760875225067,-0.009709015488624573,0.7764266729354858
0.025870125740766525,0.025890350341796875,1.0283913612365723
-0.03315509855747223,0.04542052745819092,1.1126078367233276
0.036505091935396194,0.03628814220428467,1.1951106786727905
-0.004723004996776581,-0.10568350553512573,0.9778921604156494
-0.07617738842964172,-0.17574040591716766,0.7404303550720215
-0.22427228093147278,-0.1517760455608368,0.6459097862243652
0.055938370525836945,0.14917349815368652,0.9510613083839417
-0.006511867046356201,0.2635343074798584,0.7083008289337158
-0.21540319919586182,0.30351436138153076,0.7088475227355957
