-7.994917723408435e-07,-6.8403969635255635e-06,0.5548964738845825
0.039100438356399536,0.13145771622657776,0.543632447719574
-0.34544774889945984,0.19716906547546387,0.4167670011520386
-0.1562041938304901,0.007992208003997803,0.07299792766571045
-0.039103664457798004,-0.131464421749115,0.5661001205444336
-0.35008928179740906,-0.024854585528373718,0.4031252861022949
-0.13818538188934326,-0.13177704811096191,0.014440953731536865
0.025796202942728996,-0.003956913948059082,0.7781568765640259
0.003733338788151741,0.035828858613967896,1.0294607877731323
-0.0535963773727417,0.054387450218200684,1.1129634380340576
0.018306884914636612,0.045471131801605225,1.194546103477478
-0.02512378804385662,-0.09596779942512512,0.9806488156318665
-0.09545721858739853,-0.1712731122970581,0.745224118232727
-0.24654611945152283,-0.1386951208114624,0.668213963508606
0.034188248217105865,0.15768390893936157,0.9519742727279663
-0.015344366431236267,0.2651401162147522,0.705644428730011
-0.2221536636352539,0.2901929020881653,0.7177035212516785
