-1.0054895938083064e-06,-7.097747584339231e-06,0.5548979640007019
0.042158253490924835,0.13044515252113342,0.5442853569984436
-0.339778333902359,0.20448124408721924,0.4119558036327362
-0.1504654735326767,0.02020677924156189,0.06356331706047058
-0.0421607568860054,-0.13045088946819305,0.5654474496841431
-0.34828898310661316,-0.013078242540359497,0.4018201231956482
-0.1343773901462555,-0.12957805395126343,0.014422178268432617
0.03548865765333176,-0.008280336856842041,0.7765869498252869
0.01850982755422592,0.028941065073013306,1.0283647775650024
-0.03363138437271118,0.04992717504501343,1.1144472360610962
0.03696874529123306,0.035919129848480225,1.1944657564163208
-0.0137249194085598,-0.10166579484939575,0.9772209525108337
-0.08955076336860657,-0.1680310219526291,0.7384887337684631
-0.23950913548469543,-0.1413545310497284,0.643446683883667
0.04921442270278931,0.15124636888504028,0.9505016207695007
-0.019904881715774536,0.26447826623916626,0.7090494632720947
-0.2236430048942566,0.29683732986450195,0.7206661701202393
