-8.714423529454507e-07,-7.094078682712279e-06,0.5548977851867676
0.04090316593647003,0.13041222095489502,0.5450724959373474
-0.33921706676483154,0.20367443561553955,0.4110737442970276
-0.1525326818227768,0.022772908210754395,0.06060674786567688
-0.04090561345219612,-0.13041724264621735,0.5646602511405945
-0.34432679414749146,-0.011750385165214539,0.4041667878627777
-0.13222190737724304,-0.1228863000869751,0.013799786567687988
0.03934257850050926,-0.009515568614006042,0.776388943195343
0.026188205927610397,0.026984184980392456,1.0284096002578735
-0.02968486398458481,0.046919405460357666,1.1147065162658691
0.04208163172006607,0.0354006290435791,1.1954007148742676
-0.004811834543943405,-0.10426667332649231,0.9773125648498535
-0.07834013551473618,-0.17424650490283966,0.7399214506149292
-0.22627606987953186,-0.15074065327644348,0.6487842202186584
0.055277980864048004,0.15000206232070923,0.9503390192985535
-0.013162031769752502,0.2637476921081543,0.7100856304168701
-0.21777188777923584,0.29940366744995117,0.7225384712219238
