-1.104878720070701e-06,-7.005062798270956e-06,0.5548981428146362
0.041824594140052795,0.13088685274124146,0.5439562201499939
-0.3403123915195465,0.20358024537563324,0.41293275356292725
-0.15097376704216003,0.018259674310684204,0.06635603308677673
-0.04182720184326172,-0.1308925747871399,0.5657763481140137
-0.34799498319625854,-0.01332719624042511,0.4016478657722473
-0.13417941331863403,-0.1289815902709961,0.013251721858978271
0.03687942773103714,-0.008418753743171692,0.7765210270881653
0.022345254197716713,0.02712288498878479,1.0282707214355469
-0.0316692516207695,0.046616196632385254,1.114254355430603
0.040596749633550644,0.03456747531890869,1.1943424940109253
-0.009326823055744171,-0.10381236672401428,0.9780063033103943
-0.08512193709611893,-0.17106662690639496,0.7389134168624878
-0.23609790205955505,-0.14533182978630066,0.6485840678215027
0.05198333412408829,0.15000221133232117,0.95103919506073
-0.016175389289855957,0.26341375708580017,0.7090562582015991
-0.21597063541412354,0.2969387173652649,0.7292498350143433
