-1.0783573998196516e-06,-6.925498382770456e-06,0.5548977255821228
0.041931457817554474,0.13103030622005463,0.5438054203987122
-0.3415735960006714,0.20394203066825867,0.41424599289894104
-0.1501139998435974,0.018601328134536743,0.06907123327255249
-0.04193422570824623,-0.13103614747524261,0.5659273862838745
-0.3483934700489044,-0.012762680649757385,0.4040631055831909
-0.13703131675720215,-0.12849605083465576,0.014829397201538086
0.03394858539104462,-0.007374241948127747,0.7765971422195435
0.016227230429649353,0.028784245252609253,1.0285474061965942
-0.03794112801551819,0.04634749889373779,1.1150025129318237
0.03478846698999405,0.033779680728912354,1.194277048110962
-0.014948058873414993,-0.10216310620307922,0.9782285690307617
-0.08655864745378494,-0.1707959622144699,0.7396146059036255
-0.23838624358177185,-0.14890088140964508,0.6449451446533203
0.04613947495818138,0.1516011357307434,0.9517728686332703
-0.01932711899280548,0.2636571526527405,0.7093126177787781
-0.22476428747177124,0.2975391447544098,0.7181686162948608
