-6.083932930778246e-07,-7.2725306381471455e-06,0.5548979640007019
0.04113777354359627,0.13062259554862976,0.5447236895561218
-0.337484210729599,0.20356249809265137,0.4083220958709717
-0.1503821313381195,0.021235734224319458,0.059714317321777344
-0.04114016145467758,-0.13062725961208344,0.5650090575218201
-0.3442595303058624,-0.012695685029029846,0.403099000453949
-0.13250121474266052,-0.12490499019622803,0.012283921241760254
0.041707612574100494,-0.009663030505180359,0.7759627103805542
0.03057831898331642,0.026652634143829346,1.0282551050186157
-0.026914171874523163,0.04630935192108154,1.113337755203247
0.043686747550964355,0.03638094663619995,1.1958359479904175
-0.0004470720887184143,-0.1046413779258728,0.9775619506835938
-0.07413305342197418,-0.17525508999824524,0.7411236763000488
-0.22214359045028687,-0.15080636739730835,0.6497452259063721
0.059386245906353,0.1491658091545105,0.9497179985046387
-0.009195990860462189,0.2623767554759979,0.7074964642524719
-0.21332496404647827,0.29757773876190186,0.7180110216140747
