-1.6198846424231306e-06,-6.658910933765583e-06,0.5548970103263855
0.04119114577770233,0.1305200457572937,0.5436887145042419
-0.34333065152168274,0.2005804032087326,0.41866588592529297
-0.1531137228012085,0.009466886520385742,0.07398557662963867
-0.0411938913166523,-0.1305260956287384,0.5660437345504761
-0.34953248500823975,-0.021751537919044495,0.40241560339927673
-0.13574451208114624,-0.13167822360992432,0.013611793518066406
0.030222415924072266,-0.005232259631156921,0.7772064208984375
0.012452403083443642,0.03284507989883423,1.0289578437805176
-0.04152461141347885,0.05247920751571655,1.1141433715820312
0.02910502254962921,0.04007357358932495,1.1944669485092163
-0.01917571946978569,-0.09773895144462585,0.9797065854072571
-0.09338399767875671,-0.16912676393985748,0.7440072298049927
-0.24220874905586243,-0.13684403896331787,0.6692179441452026
0.0437508299946785,0.15438765287399292,0.950919508934021
-0.013199180364608765,0.26638346910476685,0.7075328826904297
-0.21248170733451843,0.29160159826278687,0.7317156791687012
