-3.751977146748686e-06,-6.697180651826784e-06,0.5548988580703735
0.04142003506422043,0.12822258472442627,0.5483915209770203
-0.34635037183761597,0.19979019463062286,0.42084068059921265
-0.24774831533432007,0.09274065494537354,0.02105426788330078
-0.041422467678785324,-0.12822642922401428,0.5613405108451843
-0.33651596307754517,0.02581152319908142,0.4356379508972168
-0.20766624808311462,-0.08026081323623657,0.023627877235412598
0.041851937770843506,-0.018086567521095276,0.7776013612747192
0.022619616240262985,0.02066624164581299,1.0284419059753418
-0.03699394315481186,0.042595744132995605,1.1159772872924805
0.032462432980537415,0.03352975845336914,1.1976500749588013
-0.007849304005503654,-0.11180606484413147,0.9770503640174866
-0.06321430206298828,-0.1849789321422577,0.7330434322357178
-0.19206276535987854,-0.18886156380176544,0.6134752035140991
0.05291227996349335,0.14649143815040588,0.9474492073059082
-0.02809104323387146,0.25605058670043945,0.7053859233856201
-0.21928560733795166,0.3018224239349365,0.7256895303726196
