-1.9167282516718842e-07,-7.163678674260154e-06,0.5548979043960571
0.0408417284488678,0.13057054579257965,0.5445315837860107
-0.3382876515388489,0.204700767993927,0.41233500838279724
-0.15027329325675964,0.024191826581954956,0.06420004367828369
-0.04084412008523941,-0.13057558238506317,0.5652008652687073
-0.3461915850639343,-0.015429705381393433,0.40587353706359863
-0.13845062255859375,-0.12299221754074097,0.014209389686584473
0.04225705564022064,-0.01019337773323059,0.7761396169662476
0.029933325946331024,0.024108976125717163,1.028376817703247
-0.027930758893489838,0.0441858172416687,1.1130980253219604
0.04210196062922478,0.0344318151473999,1.1958922147750854
-0.0012245550751686096,-0.10643014311790466,0.976777195930481
-0.07513145357370377,-0.17500200867652893,0.7395622730255127
-0.2235119491815567,-0.15107476711273193,0.6476619839668274
0.05927170813083649,0.14716386795043945,0.9514877200126648
-0.007838182151317596,0.2632257044315338,0.7091907262802124
-0.2134886384010315,0.2981547713279724,0.7135323286056519
