-1.294426965614548e-06,-7.793780241627246e-06,0.5549018383026123
0.043779172003269196,0.12760499119758606,0.5453158617019653
-0.33175551891326904,0.2116449475288391,0.4116649031639099
-0.15895460546016693,0.05107659101486206,0.053847432136535645
-0.0437815859913826,-0.12760856747627258,0.5644163489341736
-0.3321256637573242,-0.005117550492286682,0.4082615375518799
-0.14432315528392792,-0.11147898435592651,0.011644423007965088
0.04601007699966431,-0.016908764839172363,0.7778559923171997
0.03481597453355789,0.01850035786628723,1.02853524684906
-0.02046314999461174,0.04203462600708008,1.1156630516052246
0.0492088720202446,0.032311320304870605,1.199131727218628
-0.0012603476643562317,-0.11108103394508362,0.9739042520523071
-0.09054078906774521,-0.16952115297317505,0.7364861369132996
-0.24473610520362854,-0.1309189796447754,0.635431706905365
0.06419465690851212,0.14244183897972107,0.9482952952384949
-0.020999521017074585,0.2651331424713135,0.7110380530357361
-0.24538668990135193,0.32051604986190796,0.6934131383895874
