-1.2122609405196272e-06,-7.001211997703649e-06,0.5548981428146362
0.04103768616914749,0.1303856372833252,0.5444055199623108
-0.33938807249069214,0.20186692476272583,0.41217073798179626
-0.1497081071138382,0.018163472414016724,0.0643267035484314
-0.041040077805519104,-0.13039085268974304,0.5653271079063416
-0.3462435007095337,-0.013235390186309814,0.4056018888950348
-0.13663250207901,-0.12569373846054077,0.015259623527526855
0.03912901505827904,-0.009198188781738281,0.7764021158218384
0.026616334915161133,0.026136845350265503,1.0283540487289429
-0.02607671543955803,0.044351160526275635,1.1148152351379395
0.0468503013253212,0.03346967697143555,1.1950079202651978
-0.005105206742882729,-0.10391658544540405,0.9756910800933838
-0.08278843015432358,-0.17103256285190582,0.7374779582023621
-0.23212888836860657,-0.14448067545890808,0.6490684747695923
0.05499928072094917,0.14870285987854004,0.9519906044006348
-0.017173752188682556,0.2641308009624481,0.7114375829696655
-0.2252708375453949,0.29989778995513916,0.7224524617195129
