-6.24497261014767e-07,-7.079974238877185e-06,0.5548979043960571
0.041061822324991226,0.1308899074792862,0.5439518690109253
-0.34111106395721436,0.20143049955368042,0.41276493668556213
-0.15119443833827972,0.01732158660888672,0.06602385640144348
-0.04106460139155388,-0.13089564442634583,0.5657806992530823
-0.3472508192062378,-0.014004290103912354,0.40152522921562195
-0.1338290274143219,-0.12743455171585083,0.011889219284057617
0.03727535158395767,-0.008692130446434021,0.7766798734664917
0.022969309240579605,0.026598334312438965,1.0287377834320068
-0.032343123108148575,0.045634329319000244,1.1148490905761719
0.03873211517930031,0.03485041856765747,1.1952660083770752
-0.008070603013038635,-0.10462740063667297,0.9775409698486328
-0.08318090438842773,-0.1723034679889679,0.7382292747497559
-0.23206409811973572,-0.147934690117836,0.6469003558158875
0.05210244655609131,0.1500171720981598,0.9516230821609497
-0.014853298664093018,0.26307669281959534,0.7097963094711304
-0.21651113033294678,0.2960467040538788,0.7299257516860962
