-6.298250809777528e-07,-7.081283911247738e-06,0.5548981428146362
0.04073111712932587,0.13099850714206696,0.5440921783447266
-0.3409062623977661,0.2035989761352539,0.41378945112228394
-0.15001654624938965,0.02127552032470703,0.06723663210868835
-0.040733836591243744,-0.1310037225484848,0.5656403303146362
-0.3473801016807556,-0.013367250561714172,0.4030730128288269
-0.13386529684066772,-0.1269463300704956,0.013045072555541992
0.03767892345786095,-0.008323252201080322,0.7765125036239624
0.023047897964715958,0.026807785034179688,1.0284984111785889
-0.03313624858856201,0.04596829414367676,1.1133978366851807
0.03868836537003517,0.035833537578582764,1.1946005821228027
-0.0074064768850803375,-0.10405388474464417,0.9775403738021851
-0.08272560685873032,-0.1704363077878952,0.7386797666549683
-0.23168116807937622,-0.14721255004405975,0.643783688545227
0.05169706419110298,0.14940157532691956,0.9514142870903015
-0.012238338589668274,0.2608391046524048,0.7091974020004272
-0.21586674451828003,0.2920262813568115,0.7185990810394287
