-1.50928372022463e-06,-6.798103640903719e-06,0.554897129535675
0.041176751255989075,0.13059568405151367,0.5436524152755737
-0.3432648777961731,0.20050907135009766,0.41770702600479126
-0.15285086631774902,0.008854210376739502,0.07424747943878174
-0.04117951914668083,-0.13060173392295837,0.5660800933837891
-0.3497578501701355,-0.021355241537094116,0.40170496702194214
-0.13517163693904877,-0.13211685419082642,0.012915313243865967
0.030149485915899277,-0.0051640719175338745,0.7771786451339722
0.012246505357325077,0.03286060690879822,1.0288491249084473
-0.041984573006629944,0.05254429578781128,1.1142914295196533
0.028749261051416397,0.04024726152420044,1.1949667930603027
-0.019054396077990532,-0.0980370044708252,0.9795821905136108
-0.0926007479429245,-0.16956596076488495,0.7436827421188354
-0.24131616950035095,-0.1385664939880371,0.6674497723579407
0.04326336085796356,0.15465015172958374,0.9506385326385498
-0.013532176613807678,0.2664620876312256,0.7074124813079834
-0.21216702461242676,0.29206299781799316,0.7300124168395996
