-7.281605576281436e-07,-7.030746928649023e-06,0.5548971891403198
0.04085344076156616,0.13125967979431152,0.5438768863677979
-0.3464996814727783,0.20308777689933777,0.4162181615829468
-0.15692061185836792,0.019787907600402832,0.07105261087417603
-0.040856290608644485,-0.131265327334404,0.5658558011054993
-0.34806352853775024,-0.015067920088768005,0.40451741218566895
-0.1377241313457489,-0.12862855195999146,0.015819132328033447
0.030433394014835358,-0.006504252552986145,0.7770273089408875
0.007929099723696709,0.03307381272315979,1.0284514427185059
-0.05183690786361694,0.05244511365890503,1.112412929534912
0.01890033856034279,0.040871381759643555,1.1946449279785156
-0.021672021597623825,-0.0988030731678009,0.9789320826530457
-0.0898914784193039,-0.16914056241512299,0.7415980100631714
-0.23923718929290771,-0.14655429124832153,0.6453889608383179
0.0391976535320282,0.15518522262573242,0.9501442313194275
-0.016386449337005615,0.2658849060535431,0.7050355672836304
-0.2236877977848053,0.29752257466316223,0.7061722278594971
