-7.637072485522367e-07,-7.68397148931399e-06,0.5549018979072571
0.04370514303445816,0.12774410843849182,0.545307993888855
-0.33307427167892456,0.21076157689094543,0.41366782784461975
-0.1645059436559677,0.0522039532661438,0.048813462257385254
-0.04370751231908798,-0.12774790823459625,0.5644242763519287
-0.3335149884223938,0.001230396330356598,0.4127478003501892
-0.14754751324653625,-0.10716688632965088,0.01361072063446045
0.048807404935359955,-0.01815222203731537,0.7774593234062195
0.03990570455789566,0.014585316181182861,1.0285621881484985
-0.0158059224486351,0.03728294372558594,1.1144341230392456
0.054262515157461166,0.02960425615310669,1.1978027820587158
0.004610896110534668,-0.11458101868629456,0.9739611744880676
-0.0837426632642746,-0.17568574845790863,0.7369853258132935
-0.23631030321121216,-0.14562928676605225,0.6364535093307495
0.06853767484426498,0.13867822289466858,0.9506931304931641
-0.021799609065055847,0.2651631236076355,0.7173796892166138
-0.2462288737297058,0.3190080225467682,0.7020944356918335
