-7.591643225168809e-07,-6.9657435233239084e-06,0.5548976063728333
0.041921380907297134,0.1307372748851776,0.5442787408828735
-0.3408331871032715,0.2058635652065277,0.4156297445297241
-0.15251736342906952,0.021784424781799316,0.06814146041870117
-0.04192419350147247,-0.13074269890785217,0.5654540657997131
-0.34822991490364075,-0.011303558945655823,0.4044913947582245
-0.1339428722858429,-0.12607812881469727,0.015049517154693604
0.03481678664684296,-0.00807952880859375,0.7766811847686768
0.017177820205688477,0.02843034267425537,1.0284857749938965
-0.04023498296737671,0.04813641309738159,1.112539291381836
0.030787132680416107,0.037317752838134766,1.1943778991699219
-0.01400831714272499,-0.10265901684761047,0.9780969619750977
-0.08577913045883179,-0.17152690887451172,0.7399604320526123
-0.2349988967180252,-0.14746694266796112,0.64548259973526
0.04826142638921738,0.150823712348938,0.9516614675521851
-0.009456813335418701,0.26452192664146423,0.7079741358757019
-0.21882152557373047,0.2984579801559448,0.7119796872138977
