-1.1444935807958245e-06,-6.828187906648964e-06,0.554896891117096
0.041422728449106216,0.13031449913978577,0.5439098477363586
-0.34047648310661316,0.20180371403694153,0.41538286209106445
-0.1496460735797882,0.011169463396072388,0.07243561744689941
-0.041425492614507675,-0.13032054901123047,0.5658227801322937
-0.34755438566207886,-0.017598003149032593,0.4018116593360901
-0.13497763872146606,-0.1291741132736206,0.012898445129394531
0.030893471091985703,-0.0055086612701416016,0.7768259644508362
0.01292312704026699,0.03291758894920349,1.028753638267517
-0.041504524648189545,0.053370535373687744,1.115596890449524
0.029668893665075302,0.038958728313446045,1.1956180334091187
-0.018512599170207977,-0.09815889596939087,0.9786726832389832
-0.09052392095327377,-0.16930772364139557,0.7424554228782654
-0.2380894124507904,-0.13915005326271057,0.6635963916778564
0.044131383299827576,0.15473192930221558,0.9501307606697083
-0.012195885181427002,0.2649546265602112,0.7060582637786865
-0.21622958779335022,0.29462242126464844,0.7290334701538086
