-1.448831881134538e-06,-6.743934136466123e-06,0.5548976063728333
0.04059581458568573,0.13099242746829987,0.5441036224365234
-0.3447924852371216,0.20200473070144653,0.41606396436691284
-0.15164409577846527,0.016985177993774414,0.06845369935035706
-0.04059861972928047,-0.13099829852581024,0.5656290650367737
-0.34821707010269165,-0.018598556518554688,0.4014779329299927
-0.134391188621521,-0.13067376613616943,0.012502074241638184
0.030278727412223816,-0.0062661319971084595,0.777006983757019
0.010583261027932167,0.02993243932723999,1.0288578271865845
-0.04255911707878113,0.04743438959121704,1.1152738332748413
0.03039967641234398,0.0348283052444458,1.1942365169525146
-0.020097807049751282,-0.10038420557975769,0.9774201512336731
-0.09212784469127655,-0.16989931464195251,0.7387121319770813
-0.24571889638900757,-0.1440453976392746,0.6530538201332092
0.0411597341299057,0.15242734551429749,0.9534034729003906
-0.01765565574169159,0.266044944524765,0.7111338376998901
-0.22708100080490112,0.2989320158958435,0.7232793569564819
