-1.051848812494427e-06,-6.809046681155451e-06,0.5548977255821228
0.04081117734313011,0.13035184144973755,0.5444129109382629
-0.34011125564575195,0.2053985595703125,0.4147079586982727
-0.15036267042160034,0.02211606502532959,0.06610393524169922
-0.040813691914081573,-0.13035690784454346,0.5653197169303894
-0.3458315134048462,-0.014145657420158386,0.4027806222438812
-0.1326049119234085,-0.12599492073059082,0.012454986572265625
0.03685225546360016,-0.007952272891998291,0.7761698961257935
0.023091284558176994,0.027737945318222046,1.0285224914550781
-0.032175980508327484,0.04662603139877319,1.1144764423370361
0.04003848880529404,0.03529024124145508,1.195016860961914
-0.007580466568470001,-0.10285645723342896,0.977597713470459
-0.08166787028312683,-0.17189401388168335,0.7403109073638916
-0.2325718104839325,-0.1512959599494934,0.6488468050956726
0.05209235101938248,0.15023881196975708,0.9507557153701782
-0.010467082262039185,0.26211056113243103,0.7078887224197388
-0.21404069662094116,0.29507681727409363,0.722507119178772
