-8.586130206822418e-08,-7.267302862601355e-06,0.5548980832099915
0.040849581360816956,0.13085061311721802,0.5445218682289124
-0.3385293781757355,0.2040555477142334,0.4126686751842499
-0.15351253747940063,0.023510992527008057,0.06412357091903687
-0.04085205867886543,-0.1308557242155075,0.5652106404304504
-0.3464377522468567,-0.014919668436050415,0.4052373766899109
-0.13717365264892578,-0.12396275997161865,0.013798117637634277
0.04214891046285629,-0.010049700736999512,0.7761561870574951
0.02968648634850979,0.02377396821975708,1.0285528898239136
-0.02730695903301239,0.044377267360687256,1.1132001876831055
0.04356568306684494,0.03385382890701294,1.1952667236328125
-0.0011214204132556915,-0.10691222548484802,0.9770866632461548
-0.07544752210378647,-0.17605990171432495,0.7399481534957886
-0.2252250611782074,-0.15188544988632202,0.6482735872268677
0.058578167110681534,0.14699244499206543,0.9521974325180054
-0.008778728544712067,0.26304444670677185,0.711297869682312
-0.2156863808631897,0.2989542484283447,0.7170641422271729
