-7.807270776538644e-07,-6.877497071400285e-06,0.5548973083496094
0.038862261921167374,0.1309574544429779,0.5453011393547058
-0.3386610448360443,0.19690310955047607,0.409582257270813
-0.15158458054065704,0.022104263305664062,0.05856388807296753
-0.038864895701408386,-0.13096292316913605,0.5644313097000122
-0.3433186113834381,-0.01692560315132141,0.4036557078361511
-0.13509050011634827,-0.12591975927352905,0.01326519250869751
0.03974306583404541,-0.008621051907539368,0.7763668298721313
0.029662910848855972,0.02708771824836731,1.0285160541534424
-0.025756709277629852,0.04519617557525635,1.1151764392852783
0.04655538499355316,0.03641080856323242,1.1963081359863281
0.0005433633923530579,-0.1042148768901825,0.9769649505615234
-0.0732567086815834,-0.17344816029071808,0.7393661737442017
-0.2173004448413849,-0.1471148431301117,0.6525883674621582
0.055692724883556366,0.15055429935455322,0.9506009817123413
-0.014135628938674927,0.26079410314559937,0.7090715169906616
-0.21205872297286987,0.2898578643798828,0.7264561653137207
