-1.0907888281508349e-07,-7.176809958764352e-06,0.5548976063728333
0.04061390832066536,0.13080500066280365,0.5442119836807251
-0.3395170569419861,0.2011539340019226,0.41405290365219116
-0.1514417827129364,0.019115984439849854,0.06767493486404419
-0.04061682149767876,-0.13081052899360657,0.5655206441879272
-0.34629595279693604,-0.014667227864265442,0.4042696952819824
-0.13914284110069275,-0.12765514850616455,0.012261629104614258
0.03826810419559479,-0.008712083101272583,0.776595950126648
0.02537519857287407,0.026065587997436523,1.0289822816848755
-0.031782276928424835,0.04541921615600586,1.113805890083313
0.03802550211548805,0.036461710929870605,1.1960349082946777
-0.00537123903632164,-0.10488608479499817,0.9774935245513916
-0.08166041970252991,-0.17224851250648499,0.7396360635757446
-0.22802206873893738,-0.14573554694652557,0.6495157480239868
0.05424252152442932,0.14874979853630066,0.9514025449752808
-0.009995833039283752,0.2598845064640045,0.709790825843811
-0.20986706018447876,0.29057738184928894,0.7290886640548706
