-4.5918113755760714e-07,-7.1598169597564265e-06,0.5548978447914124
0.04169604182243347,0.13080452382564545,0.544211745262146
-0.33979034423828125,0.20360597968101501,0.4134446382522583
-0.15055418014526367,0.019881993532180786,0.06655499339103699
-0.04169875383377075,-0.13080978393554688,0.5655208826065063
-0.3470720052719116,-0.013171911239624023,0.4035497307777405
-0.1377219557762146,-0.12559527158737183,0.011780977249145508
0.037285953760147095,-0.008892923593521118,0.7766907215118408
0.021895945072174072,0.026570171117782593,1.0287904739379883
-0.03592333942651749,0.046128034591674805,1.1130815744400024
0.034874144941568375,0.036219775676727295,1.1952109336853027
-0.009629389271140099,-0.10438978672027588,0.9777477383613586
-0.08308207243680954,-0.1719568967819214,0.7401155233383179
-0.23074108362197876,-0.1477794051170349,0.6436619162559509
0.052322354167699814,0.14922481775283813,0.9520813226699829
-0.010920509696006775,0.2620497941970825,0.7098467350006104
-0.21858686208724976,0.29661810398101807,0.7140558958053589
