-8.615907063358463e-07,-6.872754966025241e-06,0.554897129535675
0.04079229384660721,0.13090336322784424,0.5437532663345337
-0.34178823232650757,0.19955933094024658,0.41446197032928467
-0.14984026551246643,0.01189538836479187,0.07161033153533936
-0.04079539701342583,-0.1309095323085785,0.5659791231155396
-0.34891799092292786,-0.018437668681144714,0.40170788764953613
-0.13648587465286255,-0.129422128200531,0.012960672378540039
0.030476544052362442,-0.0057587772607803345,0.7772055864334106
0.011911030858755112,0.03213199973106384,1.02876877784729
-0.04540027678012848,0.05244725942611694,1.1131778955459595
0.026358608156442642,0.04081618785858154,1.194643497467041
-0.018439413979649544,-0.09904754161834717,0.9789881706237793
-0.08886067569255829,-0.1705901026725769,0.7417868375778198
-0.236984521150589,-0.14514122903347015,0.6564307808876038
0.04249204322695732,0.1541101038455963,0.9505296945571899
-0.010569557547569275,0.26385730504989624,0.7051111459732056
-0.21622681617736816,0.29169702529907227,0.7153016924858093
