-4.4399257603799924e-08,-7.426166121149436e-06,0.554897665977478
0.0399198979139328,0.13068489730358124,0.5444727540016174
-0.3387070298194885,0.19993005692958832,0.4121933877468109
-0.15265968441963196,0.022422105073928833,0.06380200386047363
-0.03992258012294769,-0.1306900680065155,0.5652598738670349
-0.34485727548599243,-0.015276551246643066,0.4058522880077362
-0.1341690719127655,-0.12628847360610962,0.01456606388092041
0.04130401089787483,-0.00938919186592102,0.7763527631759644
0.030496038496494293,0.027198195457458496,1.0281621217727661
-0.02699419856071472,0.045789122581481934,1.1120924949645996
0.04092255234718323,0.03888678550720215,1.1960550546646118
0.0010695382952690125,-0.10406246781349182,0.977692186832428
-0.07054229825735092,-0.17268556356430054,0.7394058108329773
-0.21396178007125854,-0.1473715901374817,0.6482686996459961
0.05825411528348923,0.1490633487701416,0.9485145807266235
-0.001101374626159668,0.2572025656700134,0.7032253742218018
-0.1987433135509491,0.28730443120002747,0.7204870581626892
