-1.028730366670061e-06,-6.847514669061638e-06,0.554896891117096
0.04130610078573227,0.13023130595684052,0.5441377758979797
-0.33925414085388184,0.2009599506855011,0.414793998003006
-0.14982765913009644,0.01097726821899414,0.07205280661582947
-0.04130891337990761,-0.13023731112480164,0.5655950307846069
-0.34809190034866333,-0.018533319234848022,0.401162713766098
-0.13568653166294098,-0.12995976209640503,0.012601912021636963
0.030839309096336365,-0.00566217303276062,0.7769106030464172
0.013084937818348408,0.032842040061950684,1.0288166999816895
-0.04144633561372757,0.053777992725372314,1.115243673324585
0.029228754341602325,0.039338886737823486,1.195526123046875
-0.018121354281902313,-0.09786829352378845,0.9784099459648132
-0.09004852175712585,-0.16775590181350708,0.7418076992034912
-0.2366637885570526,-0.13864712417125702,0.662667989730835
0.04419444873929024,0.15452605485916138,0.9499977231025696
-0.011952340602874756,0.2636839747428894,0.7053824663162231
-0.21522489190101624,0.2927844524383545,0.7272895574569702
