-4.748549145006109e-07,-7.113816536730155e-06,0.5548980236053467
0.0401492640376091,0.13057243824005127,0.5441031455993652
-0.33900153636932373,0.1974170207977295,0.4111171066761017
-0.15092270076274872,0.014852136373519897,0.06486395001411438
-0.04015195369720459,-0.13057807087898254,0.5656296014785767
-0.34521108865737915,-0.01575256884098053,0.4000953435897827
-0.1341962218284607,-0.12942689657211304,0.010976254940032959
0.03798617795109749,-0.0076783448457717896,0.7765868306159973
0.025307854637503624,0.028924614191055298,1.0286753177642822
-0.026915758848190308,0.047314584255218506,1.1164112091064453
0.04672110080718994,0.03527897596359253,1.196151852607727
-0.0051857344806194305,-0.10208949446678162,0.9773519039154053
-0.08165866881608963,-0.17107364535331726,0.7401031255722046
-0.2310669720172882,-0.14473381638526917,0.6533104181289673
0.052504513412714005,0.15153229236602783,0.9502938985824585
-0.01902824640274048,0.26179230213165283,0.7076918482780457
-0.22130519151687622,0.29369786381721497,0.7225407361984253
