-7.414159881591331e-07,-6.9674497353844345e-06,0.5548973679542542
0.039393674582242966,0.13104817271232605,0.5448853969573975
-0.34088581800460815,0.19728264212608337,0.4119166433811188
-0.15318119525909424,0.01814332604408264,0.06511580944061279
-0.03939654305577278,-0.13105365633964539,0.5648469924926758
-0.3456764817237854,-0.017295166850090027,0.4022422134876251
-0.1363033503293991,-0.12772566080093384,0.011786699295043945
0.03808235749602318,-0.008176907896995544,0.7767355442047119
0.026286035776138306,0.026475995779037476,1.0289767980575562
-0.02905064821243286,0.04455840587615967,1.1150696277618408
0.04317118227481842,0.0356518030166626,1.196382999420166
-0.0037802942097187042,-0.10435330867767334,0.977056622505188
-0.07926077395677567,-0.1706031858921051,0.737794041633606
-0.22653350234031677,-0.1447942703962326,0.6461887359619141
0.05351582542061806,0.14953184127807617,0.9515877962112427
-0.012989744544029236,0.2598780393600464,0.7089776396751404
-0.2130119800567627,0.28710588812828064,0.7219117879867554
