-1.0460580597282387e-06,-6.914307959959842e-06,0.5548978447914124
0.03940250724554062,0.1307680755853653,0.5446226000785828
-0.3394295573234558,0.19811883568763733,0.41195982694625854
-0.15250436961650848,0.018838435411453247,0.06459373235702515
-0.03940523415803909,-0.13077320158481598,0.5651098489761353
-0.34536853432655334,-0.01670089364051819,0.4058185815811157
-0.13841477036476135,-0.126816987991333,0.014861881732940674
0.03965315595269203,-0.008832663297653198,0.7765437960624695
0.028893785551190376,0.026546239852905273,1.028469204902649
-0.027486592531204224,0.04573690891265869,1.1144777536392212
0.044486477971076965,0.0362168550491333,1.1968259811401367
-0.001661296933889389,-0.10417062044143677,0.9773238301277161
-0.07695706188678741,-0.17044124007225037,0.7385971546173096
-0.22286418080329895,-0.14563840627670288,0.6504384875297546
0.05624847114086151,0.1494956612586975,0.9494159817695618
-0.01130463182926178,0.2599979639053345,0.7061502933502197
-0.2108837366104126,0.29098665714263916,0.7257703542709351
