-6.688510438834783e-07,-7.059450581436977e-06,0.5548978447914124
0.042022764682769775,0.13073720037937164,0.5442003011703491
-0.3388773798942566,0.20563115179538727,0.4118846654891968
-0.14930854737758636,0.02091500163078308,0.06670030951499939
-0.04202542454004288,-0.1307421624660492,0.5655323266983032
-0.3473132848739624,-0.011268824338912964,0.401083767414093
-0.13475176692008972,-0.12514728307724,0.011802315711975098
0.03890753537416458,-0.008468523621559143,0.7762607932090759
0.025248408317565918,0.02648305892944336,1.0284488201141357
-0.03352148085832596,0.04572641849517822,1.1134657859802246
0.0375308133661747,0.03619670867919922,1.195721983909607
-0.006210561841726303,-0.1048840582370758,0.976945161819458
-0.08068391680717468,-0.17087963223457336,0.7384042739868164
-0.22749581933021545,-0.1463513970375061,0.6428830623626709
0.05490771681070328,0.14930999279022217,0.9511807560920715
-0.009687088429927826,0.2608758211135864,0.7090889811515808
-0.2120686173439026,0.2921072244644165,0.71746826171875
