-1.0880958143388852e-06,-7.050379281281494e-06,0.554898202419281
0.041242748498916626,0.13032589852809906,0.5444901585578918
-0.34128573536872864,0.20303183794021606,0.414207398891449
-0.15115255117416382,0.019164323806762695,0.06628590822219849
-0.04124504327774048,-0.13033106923103333,0.5652425289154053
-0.34708672761917114,-0.012000516057014465,0.4051949977874756
-0.13693132996559143,-0.12557822465896606,0.01431417465209961
0.038419343531131744,-0.008940860629081726,0.7763519883155823
0.025733232498168945,0.02636834979057312,1.028501272201538
-0.0268654003739357,0.043912410736083984,1.1149730682373047
0.04648356884717941,0.03242385387420654,1.1948213577270508
-0.006236117333173752,-0.10333368182182312,0.9760201573371887
-0.08428610116243362,-0.16993993520736694,0.7381061315536499
-0.23352783918380737,-0.14184123277664185,0.6490112543106079
0.05419430881738663,0.1487758755683899,0.9523410797119141
-0.01811128854751587,0.26314520835876465,0.7111705541610718
-0.22705617547035217,0.29857200384140015,0.7149192094802856
