2.7233345463173464e-06,-1.0549852959229611e-05,0.6372381448745728
0.126695454120636,-0.04144607484340668,0.6351687908172607
0.23433499038219452,0.219221830368042,0.4420015811920166
0.17726603150367737,0.0802236795425415,0.015361964702606201
-0.12669378519058228,0.041439615190029144,0.6392484903335571
-0.05050380527973175,0.303211510181427,0.4522462785243988
-0.0920044481754303,0.1416471302509308,0.02541494369506836
-0.0049381740391254425,-0.040236130356788635,0.8649483919143677
0.06421025097370148,0.012847721576690674,1.1012654304504395
0.12358222901821136,0.07364481687545776,1.171125888824463
0.12027512490749359,0.020776033401489258,1.2634732723236084
-0.06377565860748291,0.05669063329696655,1.0436632633209229
-0.14399242401123047,0.12722787261009216,0.7888163328170776
-0.01572205126285553,0.2557147443294525,0.8523826003074646
0.1694348305463791,-0.041482388973236084,1.021111011505127
0.23295164108276367,-0.025302156805992126,0.7586053609848022
0.20304512977600098,0.17422345280647278,0.8083813786506653
