1.954884282895364e-06,-9.81174162006937e-06,0.637238085269928
0.12273019552230835,-0.04672303423285484,0.6343855857849121
0.22175896167755127,0.21510380506515503,0.430919349193573
0.16690082848072052,0.07071512937545776,0.007431745529174805
-0.1227300614118576,0.04671730101108551,0.6400336623191833
-0.04656319320201874,0.3034732937812805,0.4411107897758484
-0.0931812971830368,0.1647462546825409,0.009418606758117676
0.006099741905927658,-0.022997617721557617,0.8656277060508728
0.11259855329990387,0.03625968098640442,1.0830384492874146
0.189416766166687,0.09978902339935303,1.135525107383728
0.20856063067913055,0.05304652452468872,1.227512001991272
-0.01838449388742447,0.08864665031433105,1.046142816543579
-0.1331840306520462,0.16817507147789001,0.8073498606681824
0.011596426367759705,0.2830238342285156,0.8272897005081177
0.2023550271987915,-0.02896827459335327,0.985731840133667
0.23715898394584656,-0.012702174484729767,0.7143184542655945
0.23759694397449493,0.15812250971794128,0.7715269327163696
