1.1922575140488334e-06,-1.0632258636178449e-05,0.6372387409210205
0.12724381685256958,-0.03977998346090317,0.6380190849304199
0.23414209485054016,0.2277042269706726,0.4468010365962982
0.17883136868476868,0.08047217130661011,0.021569788455963135
-0.12724186480045319,0.03977486863732338,0.636396586894989
-0.040766626596450806,0.3086530566215515,0.45227980613708496
-0.0782812237739563,0.16726988554000854,0.01987612247467041
-0.001368904486298561,-0.03986518085002899,0.8648818731307983
0.019119173288345337,0.03471776843070984,1.107169508934021
0.05320998653769493,0.10260039567947388,1.1823652982711792
0.028156308457255363,0.05636674165725708,1.277421474456787
-0.09951576590538025,0.0717029869556427,1.0283174514770508
-0.1368006318807602,0.1324445605278015,0.756934404373169
-0.02510210871696472,0.2635532021522522,0.8306924700737
0.13611003756523132,-0.019956231117248535,1.0427796840667725
0.22922822833061218,-0.028758257627487183,0.7856380939483643
0.18360061943531036,0.18029463291168213,0.8024353981018066
