9.199166015605442e-07,-1.0249808838125318e-05,0.6372382044792175
0.12705224752426147,-0.03920247405767441,0.636552631855011
0.23071525990962982,0.22708319127559662,0.4486500024795532
0.17252351343631744,0.08283227682113647,0.022780299186706543
-0.12705036997795105,0.03919665142893791,0.6378635764122009
-0.044531553983688354,0.3081049621105194,0.45567336678504944
-0.08331345021724701,0.16013681888580322,0.026162445545196533
-0.0017013875767588615,-0.04321262240409851,0.8642228245735168
0.03517364710569382,0.023435503244400024,1.106408953666687
0.07943817973136902,0.08647656440734863,1.1824666261672974
0.06132231280207634,0.03511899709701538,1.2748273611068726
-0.08646222949028015,0.06279361248016357,1.0339924097061157
-0.14044439792633057,0.1277174949645996,0.7678395509719849
-0.020380094647407532,0.262790322303772,0.8337972164154053
0.14798890054225922,-0.030504226684570312,1.0363667011260986
0.22424101829528809,-0.03078790009021759,0.7763547897338867
0.19027870893478394,0.1787782460451126,0.8028208017349243
