2.010725893342169e-06,-9.745295756147243e-06,0.6372377276420593
0.12284064292907715,-0.045889806002378464,0.6334437727928162
0.22053134441375732,0.20474247634410858,0.4268554747104645
0.16416728496551514,0.06310892105102539,0.0002561807632446289
-0.12284015119075775,0.04588407650589943,0.6409756541252136
-0.04892280697822571,0.2950444519519806,0.43954795598983765
-0.09364551305770874,0.14720124006271362,0.00933694839477539
0.003238354343920946,-0.025121822953224182,0.8651182055473328
0.12049536406993866,0.02775558829307556,1.0810291767120361
0.20429500937461853,0.09020790457725525,1.1307706832885742
0.23417624831199646,0.03702133893966675,1.2192378044128418
-0.010894343256950378,0.07979691028594971,1.0495408773422241
-0.1277223527431488,0.15712198615074158,0.8113296031951904
0.01905682682991028,0.2631656527519226,0.8290708065032959
0.20553100109100342,-0.03522437810897827,0.982060432434082
0.23251818120479584,-0.02152356132864952,0.7121444940567017
0.24363207817077637,0.15059411525726318,0.7761701345443726
