-1.472583335271338e-07,-9.910068911267444e-06,0.6372389197349548
0.12670646607875824,-0.03873487561941147,0.6363663077354431
0.2320670634508133,0.2350110113620758,0.45299437642097473
0.18195495009422302,0.07589077949523926,0.03151845932006836
-0.12670500576496124,0.03872991353273392,0.6380491852760315
-0.03301545977592468,0.3135441541671753,0.460440069437027
-0.07695692777633667,0.17400121688842773,0.030600309371948242
0.009905409067869186,-0.04421068727970123,0.8641016483306885
0.040291085839271545,0.030482441186904907,1.1060757637023926
0.0705849677324295,0.09854680299758911,1.185063123703003
0.04596719145774841,0.05093473196029663,1.2781071662902832
-0.07930447906255722,0.06684675812721252,1.0324745178222656
-0.12861892580986023,0.13148269057273865,0.7655980587005615
-0.01173160970211029,0.2575322091579437,0.8465679883956909
0.15304329991340637,-0.021434694528579712,1.0316624641418457
0.22437570989131927,-0.014003649353981018,0.7696855068206787
0.19793620705604553,0.17994427680969238,0.8101032376289368
