2.266937372041866e-06,-1.0417159501230344e-05,0.6372386813163757
0.1269260048866272,-0.04080577939748764,0.6351893544197083
0.2346733957529068,0.22183674573898315,0.4428812265396118
0.17634841799736023,0.08002221584320068,0.017290234565734863
-0.1269243359565735,0.04079920053482056,0.6392278075218201
-0.04945191740989685,0.3058416545391083,0.4536323547363281
-0.09006534516811371,0.14537829160690308,0.026532471179962158
-0.004053913988173008,-0.04119609296321869,0.8644883632659912
0.060929086059331894,0.013350605964660645,1.1018574237823486
0.1190560907125473,0.07525771856307983,1.172764778137207
0.11394259333610535,0.021549701690673828,1.2653648853302002
-0.06683249026536942,0.056445181369781494,1.0425277948379517
-0.14394044876098633,0.1267598271369934,0.7861738204956055
-0.018383651971817017,0.259731650352478,0.8479446172714233
0.16751918196678162,-0.04070588946342468,1.0229507684707642
0.23202413320541382,-0.02691613882780075,0.7607410550117493
0.20186467468738556,0.17501457035541534,0.8059089779853821
