3.7158406485104933e-07,-1.0275078238919377e-05,0.6372388601303101
0.1263318955898285,-0.03955565020442009,0.637583315372467
0.23159854114055634,0.2317279577255249,0.4525490999221802
0.18432939052581787,0.07822084426879883,0.028105616569519043
-0.1263301968574524,0.03955067694187164,0.6368322372436523
-0.036201611161231995,0.31285932660102844,0.4579848349094391
-0.08265054225921631,0.17973744869232178,0.02603071928024292
0.0024729035794734955,-0.04363386332988739,0.8647822141647339
0.02647678554058075,0.031542956829071045,1.1068861484527588
0.06030910834670067,0.09806543588638306,1.1845406293869019
0.035682421177625656,0.05127018690109253,1.2776050567626953
-0.09104299545288086,0.06826585531234741,1.0310837030410767
-0.13481956720352173,0.13143377006053925,0.7629191875457764
-0.022056788206100464,0.2599150538444519,0.8338898420333862
0.14063450694084167,-0.020865648984909058,1.0356863737106323
0.2234630584716797,-0.014065369963645935,0.7757927179336548
0.18522800505161285,0.18508367240428925,0.8155564069747925
