1.7009178918669932e-06,-9.572579074301757e-06,0.6372376680374146
0.12349408864974976,-0.04404688626527786,0.6346749663352966
0.22261542081832886,0.21151159703731537,0.43023955821990967
0.16832005977630615,0.06587481498718262,0.003956794738769531
-0.12349306046962738,0.044041115790605545,0.6397439241409302
-0.05093100666999817,0.3008055090904236,0.44291067123413086
-0.09463240206241608,0.14842969179153442,0.012364745140075684
0.001297779381275177,-0.025320887565612793,0.8656755089759827
0.10895999521017075,0.02983531355857849,1.085181474685669
0.18962658941745758,0.0915796160697937,1.1387559175491333
0.21544721722602844,0.04049944877624512,1.2279986143112183
-0.021747779101133347,0.07902666926383972,1.0489094257354736
-0.1343454122543335,0.15440377593040466,0.8071143627166748
0.004842549562454224,0.2619265615940094,0.8361012935638428
0.19732773303985596,-0.03135383129119873,0.9889399409294128
0.23005539178848267,-0.019202202558517456,0.7188629508018494
0.23374135792255402,0.15600211918354034,0.7903122305870056
