2.202043106080964e-06,-1.0123241736437194e-05,0.6372376084327698
0.12481476366519928,-0.043463584035634995,0.6350656151771545
0.22635166347026825,0.21243560314178467,0.43516287207603455
0.17173433303833008,0.07418489456176758,0.006007492542266846
-0.12481319904327393,0.04345783591270447,0.6393526196479797
-0.050879284739494324,0.2993830442428589,0.44402509927749634
-0.09156838059425354,0.14338535070419312,0.013102531433105469
-0.004349580034613609,-0.03312161564826965,0.8656096458435059
0.08538500219583511,0.022159993648529053,1.0923917293548584
0.15778957307338715,0.07929813861846924,1.1557741165161133
0.17109794914722443,0.029790163040161133,1.247165560722351
-0.044147834181785583,0.06974270939826965,1.045539140701294
-0.14164800941944122,0.14621323347091675,0.796111524105072
-0.005108818411827087,0.2571404278278351,0.8564465045928955
0.18145087361335754,-0.03732365369796753,1.003432273864746
0.2330140769481659,-0.0269811749458313,0.7366432547569275
0.21749991178512573,0.15693750977516174,0.8037238121032715
