2.191450221289415e-07,-1.0316291081835516e-05,0.6372390389442444
0.1260615885257721,-0.039833907037973404,0.6377593874931335
0.23225460946559906,0.23143932223320007,0.45363473892211914
0.182292640209198,0.07422471046447754,0.031155765056610107
-0.12605984508991241,0.03982897102832794,0.6366561055183411
-0.03617699444293976,0.31223785877227783,0.45820894837379456
-0.08037739992141724,0.17610347270965576,0.027394235134124756
0.002012687735259533,-0.04410339891910553,0.8641572594642639
0.02607751451432705,0.03020361065864563,1.1070421934127808
0.062021609395742416,0.09596782922744751,1.1857943534851074
0.037356555461883545,0.04798257350921631,1.2786591053009033
-0.09138643741607666,0.06713929772377014,1.0309257507324219
-0.13572873175144196,0.1293880194425583,0.763617753982544
-0.023763224482536316,0.2599535882472992,0.8329740762710571
0.1399724781513214,-0.02259013056755066,1.0346651077270508
0.2210969626903534,-0.015889644622802734,0.7740627527236938
0.18301045894622803,0.1815142035484314,0.811895489692688
