-7.97999746282585e-08,-9.950363164534792e-06,0.6372389197349548
0.1268000304698944,-0.03866081312298775,0.6361696124076843
0.2314959615468979,0.2341698408126831,0.45283663272857666
0.1828053593635559,0.07522022724151611,0.031105995178222656
-0.12679852545261383,0.03865594044327736,0.6382458209991455
-0.03343828022480011,0.31232988834381104,0.4603523313999176
-0.07705511897802353,0.17331284284591675,0.030167460441589355
0.010575223714113235,-0.04481269419193268,0.8639507293701172
0.040880974382162094,0.029844224452972412,1.1059141159057617
0.07105030119419098,0.09837043285369873,1.1849546432495117
0.046477701514959335,0.0505639910697937,1.2782124280929565
-0.078982412815094,0.06617587804794312,1.0322562456130981
-0.12923970818519592,0.13111473619937897,0.765598714351654
-0.010742515325546265,0.2570286691188812,0.8472923636436462
0.15373103320598602,-0.021840989589691162,1.031355857849121
0.22360476851463318,-0.013988196849822998,0.7690885066986084
0.19714845716953278,0.17985285818576813,0.809334397315979
