1.1296451702946797e-06,-1.0602672773529775e-05,0.6372389793395996
0.12724049389362335,-0.03967449814081192,0.6379092931747437
0.2347368746995926,0.22841987013816833,0.4462646245956421
0.17953678965568542,0.08032965660095215,0.02167576551437378
-0.12723848223686218,0.03966915234923363,0.6365064978599548
-0.04151652753353119,0.30804210901260376,0.45223408937454224
-0.07713396847248077,0.16694965958595276,0.019446611404418945
-0.0014027440920472145,-0.04071636497974396,0.8648912906646729
0.019510697573423386,0.03417050838470459,1.1070468425750732
0.054326992481946945,0.10203689336776733,1.1824883222579956
0.029062634333968163,0.05560433864593506,1.277552604675293
-0.09904836118221283,0.07111892104148865,1.0281593799591064
-0.13599367439746857,0.13234873116016388,0.7567548751831055
-0.022903859615325928,0.26208487153053284,0.8298442959785461
0.1365211457014084,-0.02047938108444214,1.0423893928527832
0.22966864705085754,-0.02920745313167572,0.785479724407196
0.1853080689907074,0.18008585274219513,0.7995754480361938
