8.342872206412721e-07,-1.0265706805512309e-05,0.6372385025024414
0.1271146535873413,-0.039199307560920715,0.6366171836853027
0.2315177023410797,0.22715505957603455,0.4484686851501465
0.17472994327545166,0.08210891485214233,0.02236884832382202
-0.12711277604103088,0.03919364884495735,0.637799084186554
-0.043619707226753235,0.3075583875179291,0.4564305543899536
-0.08171579241752625,0.1601991355419159,0.027091383934020996
-0.0019033532589673996,-0.042638301849365234,0.8643625974655151
0.03380583971738815,0.024128496646881104,1.1067917346954346
0.0772898942232132,0.08778834342956543,1.182519793510437
0.058852508664131165,0.03724551200866699,1.275457739830017
-0.08807502686977386,0.06361666321754456,1.03399658203125
-0.13947568833827972,0.12772786617279053,0.7677935361862183
-0.019697576761245728,0.2631404995918274,0.8317718505859375
0.147286519408226,-0.03007987141609192,1.036678671836853
0.2273648977279663,-0.03221855312585831,0.7767718434333801
0.19132722914218903,0.17794795334339142,0.8048375248908997
