2.48365722654853e-06,-1.0431516784592532e-05,0.6372384428977966
0.126702219247818,-0.041286930441856384,0.6351185441017151
0.23503896594047546,0.22126919031143188,0.4413925111293793
0.17667129635810852,0.08013784885406494,0.015299320220947266
-0.12670040130615234,0.04128056764602661,0.6392987966537476
-0.04995401203632355,0.30443426966667175,0.4519330859184265
-0.09118479490280151,0.14238464832305908,0.02536982297897339
-0.004213276319205761,-0.040716707706451416,0.864707350730896
0.06286212801933289,0.01281595230102539,1.101449966430664
0.1216338500380516,0.07370221614837646,1.1718080043792725
0.11752635985612869,0.020560145378112793,1.2641748189926147
-0.06486273556947708,0.05675515532493591,1.042939305305481
-0.1434677243232727,0.1276855170726776,0.787543773651123
-0.015560522675514221,0.25789907574653625,0.8518192768096924
0.16865302622318268,-0.041737258434295654,1.0221176147460938
0.2331111878156662,-0.027256622910499573,0.7601127624511719
0.20278078317642212,0.17362679541110992,0.8081557154655457
