2.8234262572368607e-07,-1.0221443517366424e-05,0.6372391581535339
0.12663616240024567,-0.037981290370225906,0.6369202733039856
0.2277894914150238,0.22987249493598938,0.4491291046142578
0.1765361726284027,0.07092463970184326,0.028420686721801758
-0.1266346573829651,0.03797630965709686,0.6374953985214233
-0.04105839133262634,0.30962079763412476,0.45712077617645264
-0.08292786777019501,0.17271527647972107,0.028058171272277832
0.007173523306846619,-0.04531051218509674,0.863766610622406
0.03858816996216774,0.026531130075454712,1.1056067943572998
0.07550899684429169,0.09404075145721436,1.1837495565414429
0.05150384455919266,0.044969916343688965,1.2771538496017456
-0.08204081654548645,0.06246751546859741,1.0334597826004028
-0.1389634907245636,0.12809258699417114,0.7694379091262817
-0.02758297324180603,0.26520460844039917,0.8324780464172363
0.15112721920013428,-0.023404866456985474,1.0291707515716553
0.2207857370376587,-0.010632842779159546,0.7673171758651733
0.1837657392024994,0.18448831140995026,0.8101081252098083
