1.4011638995725662e-06,-1.0294916137354448e-05,0.6372382640838623
0.12444469332695007,-0.0413227379322052,0.6373007893562317
0.22880636155605316,0.2167493999004364,0.4414212107658386
0.1761922985315323,0.06003850698471069,0.020744502544403076
-0.12444287538528442,0.04131772741675377,0.6371158957481384
-0.03878399729728699,0.30331310629844666,0.44525811076164246
-0.08658410608768463,0.1571807861328125,0.01566845178604126
0.000584753230214119,-0.03510002791881561,0.8646193146705627
0.05114242434501648,0.035889774560928345,1.1022250652313232
0.09029219299554825,0.10084748268127441,1.181585431098938
0.07405201345682144,0.048434436321258545,1.2718722820281982
-0.07115228474140167,0.07393607497215271,1.0362811088562012
-0.13754311203956604,0.1300165057182312,0.7738760709762573
-0.02762344479560852,0.2691783308982849,0.820203423500061
0.15866050124168396,-0.018269896507263184,1.021690845489502
0.23445627093315125,-0.00407157838344574,0.7627038359642029
0.19797444343566895,0.18850533664226532,0.8049663305282593
