9.765908544068225e-07,-1.07432442746358e-05,0.6372394561767578
0.12590977549552917,-0.03927002102136612,0.637458860874176
0.22780920565128326,0.2205936312675476,0.4452592432498932
0.17672935128211975,0.07347816228866577,0.020364046096801758
-0.12590834498405457,0.03926524519920349,0.6369565725326538
-0.039680883288383484,0.3047058582305908,0.4510539770126343
-0.08293405175209045,0.17174899578094482,0.02298027276992798
-0.002024744637310505,-0.041117385029792786,0.8628681898117065
0.029347321018576622,0.02803635597229004,1.105035662651062
0.06141633540391922,0.09182381629943848,1.1861491203308105
0.038672808557748795,0.041053175926208496,1.2756801843643188
-0.09029962122440338,0.06334057450294495,1.0300688743591309
-0.1376095712184906,0.1209714338183403,0.7610760927200317
-0.035535454750061035,0.25322425365448,0.8282662630081177
0.14294399321079254,-0.02183803915977478,1.0311192274093628
0.22066141664981842,-0.010370515286922455,0.7723734378814697
0.17581984400749207,0.182159423828125,0.808551013469696
