4.1882321966113523e-07,-1.035657805914525e-05,0.6372384428977966
0.12458999454975128,-0.041025612503290176,0.6374741196632385
0.23215262591838837,0.21952547132968903,0.44061437249183655
0.17721891403198242,0.06252843141555786,0.018999874591827393
-0.12458913028240204,0.04101910442113876,0.6369416117668152
-0.03846791386604309,0.2978397607803345,0.44860202074050903
-0.08495545387268066,0.1554194688796997,0.016815125942230225
0.0021513141691684723,-0.03873202204704285,0.8652968406677246
0.028067871928215027,0.03911161422729492,1.1042134761810303
0.0427950844168663,0.10603219270706177,1.1849696636199951
0.013350844383239746,0.05797034502029419,1.2729419469833374
-0.08847060799598694,0.07165881991386414,1.028125286102295
-0.12661564350128174,0.12298357486724854,0.7590518593788147
-0.03248897194862366,0.2537837624549866,0.8292137384414673
0.14150555431842804,-0.010508239269256592,1.0337591171264648
0.2301451861858368,-0.0001320093870162964,0.7770484685897827
0.17677339911460876,0.1923772245645523,0.8115476369857788
