1.8018986338574905e-06,-1.001264899969101e-05,0.637238085269928
0.12690237164497375,-0.040286000818014145,0.6359078288078308
0.23134121298789978,0.2249995619058609,0.44704434275627136
0.17678117752075195,0.08058851957321167,0.021686673164367676
-0.12690071761608124,0.040279291570186615,0.6385086178779602
-0.046352922916412354,0.3083828091621399,0.45603662729263306
-0.08691728115081787,0.15254750847816467,0.028026580810546875
-0.0038378052413463593,-0.042095914483070374,0.8644079566001892
0.04954392835497856,0.015401393175125122,1.1045712232589722
0.1014421209692955,0.07849228382110596,1.1774826049804688
0.0905413031578064,0.026279032230377197,1.2708423137664795
-0.07612284272909164,0.05779007077217102,1.0407754182815552
-0.1451382339000702,0.12613505125045776,0.7826888561248779
-0.02084365487098694,0.2643830180168152,0.8344850540161133
0.15851393342018127,-0.0388360321521759,1.0278618335723877
0.22572219371795654,-0.0328986793756485,0.765483021736145
0.2007749229669571,0.175116166472435,0.7954175472259521
