-1.112625795940403e-06,-1.1569234629860148e-05,0.8958920240402222
0.10806166380643845,-0.04153228551149368,0.8990650773048401
0.07665635645389557,-0.10743668675422668,0.44832852482795715
0.0020635873079299927,-0.2485494613647461,0.020633995532989502
-0.10806646943092346,0.04151365906000137,0.8926278948783875
-0.14398594200611115,-0.007860928773880005,0.449679434299469
-0.21109825372695923,-0.15908598899841309,0.03141981363296509
-0.005540905520319939,-0.0059842318296432495,1.139127254486084
-0.0045057497918605804,0.018227607011795044,1.3780720233917236
0.03875948488712311,0.12457448244094849,1.4148335456848145
0.03195898234844208,0.10668009519577026,1.5091956853866577
-0.11179275810718536,0.058979183435440063,1.3387131690979004
-0.17697195708751678,0.16901767253875732,1.4722670316696167
-0.10361018776893616,0.19943195581436157,1.6325780153274536
0.10110372304916382,-0.03129696846008301,1.3389036655426025
0.23921062052249908,0.017216384410858154,1.4418591260910034
0.1971033811569214,0.12626796960830688,1.6024351119995117
