-2.8357308110571466e-06,-1.3480799680110067e-05,0.8958953619003296
0.11104510724544525,-0.03755044937133789,0.8988691568374634
0.09163129329681396,-0.11432382464408875,0.4496952295303345
0.03235854208469391,-0.268496036529541,0.018191218376159668
-0.11104732006788254,0.03753546625375748,0.8928231000900269
-0.13065621256828308,-0.022633135318756104,0.44567298889160156
-0.17427873611450195,-0.17137479782104492,0.018368959426879883
-0.0027643751818686724,-0.02320536971092224,1.1339073181152344
0.0007849149405956268,-0.006437957286834717,1.3803043365478516
0.03860106319189072,0.09979921579360962,1.4310975074768066
0.034530725330114365,0.06932312250137329,1.5263422727584839
-0.10804124176502228,0.02761957049369812,1.3334310054779053
-0.18879428505897522,0.11536955833435059,1.3161439895629883
-0.12626484036445618,0.17165836691856384,1.4156138896942139
0.10943982750177383,-0.04202401638031006,1.3346772193908691
0.23720520734786987,0.025159329175949097,1.3399033546447754
0.19807904958724976,0.1559620499610901,1.4712520837783813
