-1.692386831564363e-06,-1.0731338988989592e-05,0.8958821892738342
0.01897747814655304,-0.12955379486083984,0.9109004735946655
0.17295151948928833,-0.22432053089141846,0.5217058658599854
0.06483396887779236,-0.3376477360725403,0.10542154312133789
-0.018987491726875305,0.1295267790555954,0.8807923197746277
-0.0991581380367279,0.07532724738121033,0.4671618938446045
-0.3733041286468506,0.004365086555480957,0.09178096055984497
0.042981281876564026,-0.019296914339065552,1.1197974681854248
0.14816376566886902,-0.030117124319076538,1.3295382261276245
0.22501397132873535,-0.04021143913269043,1.381837010383606
0.21921777725219727,-0.010076463222503662,1.4853143692016602
0.16089366376399994,0.08030503988265991,1.257035255432129
0.16451971232891083,0.1615484207868576,0.990815281867981
0.1996288299560547,0.10017281770706177,0.7786363959312439
0.09911106526851654,-0.14043906331062317,1.2728264331817627
0.0465509295463562,-0.2271619439125061,1.030066967010498
0.143646240234375,-0.22453895211219788,0.8261095285415649
