1.2353984857327305e-07,-1.138107108999975e-05,0.8958825469017029
0.06837691366672516,0.08669722080230713,0.8894089460372925
0.17244629561901093,-0.040611863136291504,0.47527143359184265
0.35404640436172485,-0.24809062480926514,0.09277892112731934
-0.06838415563106537,-0.08672259747982025,0.9022814035415649
-0.25951164960861206,-0.08045241236686707,0.5244550108909607
-0.24582432210445404,-0.22494888305664062,0.1023935079574585
0.009246889501810074,-0.0013091713190078735,1.1238325834274292
-0.021620087325572968,0.055579543113708496,1.362077236175537
-0.07506147027015686,0.08148539066314697,1.419737696647644
-0.04267854988574982,0.10797888040542603,1.5219730138778687
-0.03860700875520706,-0.046498775482177734,1.3009252548217773
-0.05573781579732895,-0.1498870849609375,1.0533556938171387
-0.13366040587425232,-0.15111257135868073,0.8546960353851318
0.010079801082611084,0.13951140642166138,1.2873871326446533
0.01772429421544075,0.20017510652542114,1.0231614112854004
-0.06078009307384491,0.18386664986610413,0.8257729411125183
