-2.841725290636532e-06,-1.1741976777557284e-05,0.8958929777145386
0.11317320168018341,-0.033727750182151794,0.8982799649238586
0.09132373332977295,-0.11385330557823181,0.4480443000793457
0.025463521480560303,-0.26988375186920166,0.018567442893981934
-0.11317644268274307,0.033711738884449005,0.8934110999107361
-0.13809151947498322,-0.02603951096534729,0.4422443211078644
-0.18301092088222504,-0.1810697317123413,0.015834569931030273
-0.004922429099678993,-0.02989448606967926,1.1304841041564941
0.0014181863516569138,-0.00963515043258667,1.382038950920105
0.03729894384741783,0.09474754333496094,1.432802438735962
0.03293778747320175,0.06743091344833374,1.5342482328414917
-0.10724609345197678,0.016384631395339966,1.3294720649719238
-0.19891667366027832,0.07600647211074829,1.2307460308074951
-0.13423897325992584,0.14444494247436523,1.2818577289581299
0.10958922654390335,-0.03975120186805725,1.330782175064087
0.23687773942947388,0.019806355237960815,1.2711482048034668
0.18753620982170105,0.16884422302246094,1.3539602756500244
