-1.2138448255427647e-06,-1.1846776033053175e-05,0.8958823680877686
0.06769318133592606,0.08966276049613953,0.8874284625053406
0.1446763575077057,-0.03493264317512512,0.46820682287216187
0.3028792142868042,-0.2367909550666809,0.07999312877655029
-0.06770147383213043,-0.08968885242938995,0.9042620062828064
-0.26390430331230164,-0.08482962846755981,0.5224412083625793
-0.28487637639045715,-0.21131592988967896,0.09440577030181885
0.019224708899855614,-0.001667112112045288,1.1277116537094116
-0.012723218649625778,0.05385851860046387,1.3669178485870361
-0.06853664666414261,0.0778471827507019,1.426814317703247
-0.034932345151901245,0.10170900821685791,1.529716968536377
-0.027611136436462402,-0.05052116513252258,1.3082196712493896
-0.02539345808327198,-0.16496364772319794,1.0617923736572266
-0.11293166875839233,-0.1679474115371704,0.8560402989387512
0.017771154642105103,0.14199793338775635,1.290856957435608
0.017428196966648102,0.20494729280471802,1.0288115739822388
-0.06260421872138977,0.18858763575553894,0.8386637568473816
