-2.8784597816411406e-08,-1.0197763913311064e-05,0.8958832025527954
0.064107745885849,0.08563261479139328,0.8892847299575806
0.1895725131034851,-0.03965616226196289,0.482673704624176
0.3992571234703064,-0.24798864126205444,0.11448502540588379
-0.06411398202180862,-0.08565691113471985,0.9024053812026978
-0.24498534202575684,-0.08287402987480164,0.5353317260742188
-0.21125924587249756,-0.23536419868469238,0.1193704605102539
-0.010070513933897018,0.005833789706230164,1.1212221384048462
-0.049889080226421356,0.06534850597381592,1.3503246307373047
-0.10609647631645203,0.09206441044807434,1.4029710292816162
-0.0774332731962204,0.11917299032211304,1.5038126707077026
-0.06560327112674713,-0.03727063536643982,1.2878392934799194
-0.09938375651836395,-0.12250621616840363,1.0394600629806519
-0.17456302046775818,-0.10443048924207687,0.8449209928512573
-0.020862527191638947,0.14853575825691223,1.2778756618499756
-0.007634468376636505,0.20480793714523315,1.0134062767028809
-0.07919061183929443,0.19382892549037933,0.8142227530479431
