-3.973824277636595e-06,-1.1238273145863786e-05,0.895885169506073
0.10018447041511536,-0.029729483649134636,0.9043283462524414
0.09687057137489319,-0.11807745695114136,0.4585718810558319
0.05988028645515442,-0.28358691930770874,0.043196678161621094
-0.10018842667341232,0.029712263494729996,0.8873605728149414
-0.11032656580209732,-0.04804161190986633,0.4401896893978119
-0.13327257335186005,-0.20757246017456055,0.02713686227798462
0.0022040996700525284,-0.022295638918876648,1.12954843044281
0.03578752279281616,0.02121192216873169,1.3746505975723267
0.06867438554763794,0.10549545288085938,1.433156967163086
0.0755297839641571,0.07770323753356934,1.5360437631607056
-0.07140719890594482,0.03685644268989563,1.3154898881912231
-0.21549876034259796,0.04914723336696625,1.1129801273345947
-0.1383148431777954,0.12035039812326431,1.0298672914505005
0.12945416569709778,-0.016517937183380127,1.3044469356536865
0.2364022135734558,-0.03855009377002716,1.0971119403839111
0.17735980451107025,0.08897427469491959,1.025442361831665
