-2.916749508585781e-08,-1.0852010746020824e-05,0.895884096622467
0.06538665294647217,0.08658789843320847,0.8891868591308594
0.18861737847328186,-0.04209953546524048,0.48437076807022095
0.4000065326690674,-0.2515259385108948,0.11718112230300903
-0.06539373844861984,-0.08661296218633652,0.902503252029419
-0.2490207850933075,-0.0776086151599884,0.5345844030380249
-0.2087080180644989,-0.23089492321014404,0.12074476480484009
-0.006547955796122551,0.004810705780982971,1.122307300567627
-0.044181883335113525,0.06261980533599854,1.352882742881775
-0.09909726679325104,0.09072723984718323,1.4059278964996338
-0.06920740008354187,0.11612147092819214,1.5067037343978882
-0.062083445489406586,-0.04072129726409912,1.2908318042755127
-0.08388791978359222,-0.13512316346168518,1.0432201623916626
-0.1673375815153122,-0.11563032865524292,0.8432455658912659
-0.013268940150737762,0.14713150262832642,1.2794692516326904
-2.4028122425079346e-05,0.2040480375289917,1.0164927244186401
-0.07580071687698364,0.20012977719306946,0.8175157904624939
