4.612948032445274e-06,-1.672635698923841e-05,0.8959006667137146
0.06632761657238007,-0.08368461579084396,0.9299358129501343
0.20747298002243042,-0.2670733630657196,0.6278254985809326
0.04248017072677612,-0.49121996760368347,0.30794382095336914
-0.06633223593235016,0.08366028964519501,0.8617652654647827
-0.002924293279647827,0.014628946781158447,0.4255748987197876
-0.022467605769634247,-0.14430665969848633,0.011617422103881836
-0.019051674753427505,0.03910127282142639,1.12703537940979
-0.005614645779132843,0.08348852396011353,1.3557155132293701
0.05837465077638626,0.17450043559074402,1.3944764137268066
0.05795777216553688,0.15878832340240479,1.4899098873138428
-0.08485540747642517,0.15545397996902466,1.2976633310317993
-0.10119578242301941,0.2906206250190735,1.4113608598709106
-0.007900744676589966,0.2826971411705017,1.5768451690673828
0.06580054759979248,-0.009888231754302979,1.3323346376419067
0.16693733632564545,-0.03527691960334778,1.3792812824249268
0.16338199377059937,0.09825336933135986,1.5219011306762695
