-1.072022678272333e-05,-9.978964953916147e-06,0.8958942890167236
0.0943743959069252,0.010526085272431374,0.8992131352424622
0.10884058475494385,-0.09337159991264343,0.44911110401153564
0.09661056101322174,-0.24413275718688965,0.016347050666809082
-0.09437961131334305,-0.0105467289686203,0.8924792408943176
-0.11606569588184357,-0.08934453129768372,0.44324445724487305
-0.12169228494167328,-0.24959462881088257,0.01578199863433838
0.02963365614414215,-0.02224041521549225,1.1367971897125244
0.04930843412876129,-0.01969185471534729,1.3804552555084229
0.06893518567085266,0.05960953235626221,1.4350271224975586
0.07885726541280746,0.03030693531036377,1.5323760509490967
-0.03372177854180336,-0.043974459171295166,1.3054490089416504
-0.17975068092346191,-0.055325597524642944,1.080327033996582
-0.20368176698684692,0.04613044857978821,1.14633047580719
0.11299750208854675,0.00936436653137207,1.345401644706726
0.006917446851730347,0.15820878744125366,1.2415096759796143
-0.18023458123207092,0.17951300740242004,1.2497014999389648
