-2.5197205104632303e-06,-1.0053518053609878e-05,0.895883321762085
0.01971174031496048,-0.11965683102607727,0.9047686457633972
0.1496296525001526,-0.20499557256698608,0.512598991394043
0.031261518597602844,-0.31642305850982666,0.10612887144088745
-0.019723616540431976,0.11962732672691345,0.8869239091873169
-0.18276314437389374,0.10353952646255493,0.48403462767601013
-0.4501805901527405,0.04170888662338257,0.09843981266021729
0.042416252195835114,-0.02307303249835968,1.119242787361145
0.13273055851459503,-0.03227052092552185,1.3326528072357178
0.20143654942512512,-0.04548144340515137,1.3835521936416626
0.19401587545871735,-0.010234594345092773,1.4830973148345947
0.14932772517204285,0.07105877995491028,1.262441873550415
0.16044075787067413,0.15618371963500977,0.9977285861968994
0.18452060222625732,0.09473435580730438,0.7871592044830322
0.08413402736186981,-0.13496628403663635,1.2755324840545654
0.028589099645614624,-0.2175406515598297,1.0400081872940063
0.12648922204971313,-0.22304275631904602,0.8309704065322876
