-2.573501660663169e-06,-9.182655048789456e-06,0.8958797454833984
0.021506913006305695,-0.12160983681678772,0.9077630043029785
0.16851156949996948,-0.21109232306480408,0.5106244683265686
0.11544635891914368,-0.3341847062110901,0.08208256959915161
-0.021518655121326447,0.12158031761646271,0.8839290142059326
-0.1364879012107849,0.0581439733505249,0.47236207127571106
-0.3647141456604004,-0.028437793254852295,0.07297378778457642
0.015718746930360794,-0.004716783761978149,1.1271346807479858
0.07556813210248947,7.322430610656738e-05,1.359595775604248
0.1415587067604065,-0.016083508729934692,1.423267126083374
0.12632302939891815,0.02178722620010376,1.5214507579803467
0.0991227924823761,0.10110291838645935,1.2861988544464111
0.12763865292072296,0.16469436883926392,1.0177958011627197
0.17250175774097443,0.09421274065971375,0.8090764284133911
0.032596029341220856,-0.10872980952262878,1.3034299612045288
0.0015321001410484314,-0.20355959236621857,1.0569069385528564
0.11136981844902039,-0.2147558033466339,0.8532106280326843
