-4.766100573760923e-06,-1.0416319128125906e-05,0.8958896994590759
0.057103678584098816,-0.062414851039648056,0.9019117951393127
0.0720241367816925,-0.13758665323257446,0.4586188495159149
0.006655111908912659,-0.26262736320495605,0.022900819778442383
-0.05711185187101364,0.06239381805062294,0.8897807598114014
-0.11272130161523819,0.0013895928859710693,0.45097148418426514
-0.20078438520431519,-0.11972624063491821,0.02104586362838745
-0.018827535212039948,0.00016598403453826904,1.1341664791107178
-0.029474638402462006,0.013317286968231201,1.3807399272918701
0.006476171314716339,0.07615488767623901,1.436579942703247
-0.01240367442369461,0.07254409790039062,1.537671685218811
-0.03730118274688721,0.06534808874130249,1.335780143737793
0.13651809096336365,0.04121921956539154,1.1650233268737793
0.16244998574256897,-0.07728956639766693,1.1267451047897339
0.0026117414236068726,-0.05501410365104675,1.3100028038024902
0.12822332978248596,-0.13677068054676056,1.0674841403961182
0.22987057268619537,-0.0766078382730484,1.1005594730377197
