-1.3806106835545506e-06,-9.498988220002502e-06,0.895881712436676
0.06273463368415833,0.08467251807451248,0.8901131749153137
0.17406681180000305,-0.0318906307220459,0.47930723428726196
0.36120617389678955,-0.22771143913269043,0.09534251689910889
-0.06274130940437317,-0.08469667285680771,0.9015774130821228
-0.2365400493144989,-0.09062150120735168,0.5249587297439575
-0.24244068562984467,-0.22774666547775269,0.10369652509689331
-0.016533954069018364,0.01168791949748993,1.120524525642395
-0.07102769613265991,0.07719346880912781,1.3450596332550049
-0.1335313320159912,0.10325324535369873,1.3922474384307861
-0.10844212770462036,0.13518375158309937,1.4941110610961914
-0.0836610421538353,-0.02510175108909607,1.2850440740585327
-0.10614097118377686,-0.11787519603967667,1.0382089614868164
-0.1758645474910736,-0.10656803101301193,0.8385982513427734
-0.039610207080841064,0.15596383810043335,1.2719453573226929
-0.01736515760421753,0.20343199372291565,1.0076333284378052
-0.08024150133132935,0.18200619518756866,0.8081191182136536
