2.03535000764532e-06,-1.3034314179094508e-05,0.8958827257156372
0.09352806210517883,-0.04483082890510559,0.9080889821052551
0.07787182927131653,-0.11727869510650635,0.4645201563835144
0.009684339165687561,-0.27657008171081543,0.05186760425567627
-0.0935324877500534,0.044811710715293884,0.8835996389389038
-0.12486003339290619,-0.026782900094985962,0.4432465136051178
-0.18117943406105042,-0.18257975578308105,0.03226804733276367
-0.017410758882761,-0.008263662457466125,1.1288416385650635
-0.003346223384141922,0.046357184648513794,1.370751976966858
0.03608670085668564,0.12528514862060547,1.4342057704925537
0.0306627806276083,0.10567152500152588,1.5378212928771973
-0.08807003498077393,0.08218231797218323,1.2986276149749756
-0.15071004629135132,0.10353997349739075,1.0615501403808594
-0.08248470723628998,0.13437001407146454,0.8914235830307007
0.07691435515880585,-0.014141589403152466,1.3050880432128906
0.1633318066596985,-0.091688372194767,1.0615522861480713
0.19402992725372314,-0.016893571242690086,0.8917016983032227
