-5.7814550018520094e-06,-9.49716559262015e-06,0.8958824872970581
0.0915265828371048,0.04171547666192055,0.8986876010894775
0.13123643398284912,-0.06456580758094788,0.4790021479129791
0.2200433611869812,-0.2546706199645996,0.070503830909729
-0.09153243899345398,-0.04173659533262253,0.8930018544197083
-0.1905592381954193,-0.057905226945877075,0.47924160957336426
-0.19366885721683502,-0.1962423324584961,0.055044710636138916
-0.02359604835510254,-0.007653400301933289,1.1280808448791504
-0.06063944101333618,0.05930176377296448,1.3646092414855957
-0.08163018524646759,0.1192777156829834,1.428874135017395
-0.05214715749025345,0.11209350824356079,1.534907341003418
-0.12044419348239899,-0.007772952318191528,1.2879482507705688
-0.1684131920337677,-0.07041074335575104,1.0187751054763794
-0.19339188933372498,-0.041354045271873474,0.8016517162322998
0.013325784355401993,0.10354864597320557,1.2948150634765625
0.06662824004888535,0.14298799633979797,1.0224313735961914
0.00011798739433288574,0.18566784262657166,0.8171045184135437
