-6.422480510082096e-06,-8.482165867462754e-06,0.8958821892738342
0.07579103857278824,0.07216715812683105,0.8936820030212402
0.14762923121452332,-0.04142919182777405,0.48186156153678894
0.34101325273513794,-0.271930456161499,0.11117476224899292
-0.07579828798770905,-0.07219153642654419,0.898009181022644
-0.20882457494735718,-0.06597974896430969,0.5090301632881165
-0.17390453815460205,-0.20655757188796997,0.08703857660293579
-0.029078982770442963,0.008648514747619629,1.1222012042999268
-0.08527472615242004,0.07592445611953735,1.3512015342712402
-0.12889352440834045,0.11836493015289307,1.4125676155090332
-0.09462881088256836,0.13423877954483032,1.5121136903762817
-0.11863139271736145,-0.021140307188034058,1.2837941646575928
-0.14409007132053375,-0.10159184038639069,1.0250271558761597
-0.19395151734352112,-0.08934833854436874,0.8031960129737854
-0.03200580179691315,0.14909705519676208,1.280123233795166
0.017131324857473373,0.20343849062919617,1.0082036256790161
-0.04273641109466553,0.20803731679916382,0.7937957644462585
