-1.19236347018159e-06,-1.15264265332371e-05,0.8958824872970581
0.0670161098241806,0.08955532312393188,0.8876663446426392
0.15462207794189453,-0.03539478778839111,0.46840420365333557
0.32032784819602966,-0.24070477485656738,0.08253198862075806
-0.06702454388141632,-0.08958160132169724,0.9040239453315735
-0.26194146275520325,-0.08338344097137451,0.5211495161056519
-0.27000007033348083,-0.2150401473045349,0.09347015619277954
0.01500258781015873,-0.0020208507776260376,1.1267144680023193
-0.016557112336158752,0.05316123366355896,1.365057110786438
-0.07191084325313568,0.07678133249282837,1.4234895706176758
-0.03819647431373596,0.10381126403808594,1.5265830755233765
-0.030353013426065445,-0.05148380994796753,1.3069179058074951
-0.03230446204543114,-0.16515739262104034,1.0613774061203003
-0.11755865812301636,-0.16915610432624817,0.8636663556098938
0.012809403240680695,0.14107277989387512,1.288432002067566
0.0183999165892601,0.2021087408065796,1.0253503322601318
-0.06147533655166626,0.18677935004234314,0.8298819661140442
