-1.1266274668741971e-06,-1.2429543858161196e-05,0.8958906531333923
0.10443572700023651,-0.040235862135887146,0.8968159556388855
0.05110082030296326,-0.1026468276977539,0.4468633532524109
-0.03614227473735809,-0.23269641399383545,0.015202462673187256
-0.10444039106369019,0.04021890088915825,0.8948735594749451
-0.15185841917991638,-0.0207064151763916,0.4486777186393738
-0.22027751803398132,-0.18334203958511353,0.032597899436950684
-0.009646723046898842,-0.022774234414100647,1.1330904960632324
-0.0003404039889574051,0.019527405500411987,1.3802669048309326
0.03441120684146881,0.10933035612106323,1.4353044033050537
0.032700590789318085,0.08274149894714355,1.5392988920211792
-0.10806798934936523,0.047580331563949585,1.3208487033843994
-0.2417481541633606,0.09831568598747253,1.1545205116271973
-0.15680167078971863,0.1796129047870636,1.136548399925232
0.09897729754447937,-0.030742794275283813,1.318978190422058
0.23148131370544434,-0.07784974575042725,1.1539386510849
0.19779664278030396,0.0830291211605072,1.146234393119812
