-2.579321517259814e-06,-1.166445144917816e-05,0.8958869576454163
0.0987037867307663,-0.03245912119746208,0.8986217379570007
0.07538004219532013,-0.09615832567214966,0.4511336088180542
0.013955950736999512,-0.23249739408493042,0.026643991470336914
-0.09870751202106476,0.03244299814105034,0.8930668234825134
-0.11826829612255096,-0.03551948070526123,0.4456663727760315
-0.16203096508979797,-0.19581294059753418,0.033922016620635986
-0.0034035148564726114,-0.01967586576938629,1.1262050867080688
0.018439238891005516,0.03836899995803833,1.3709135055541992
0.05440736934542656,0.11870694160461426,1.439178705215454
0.050312235951423645,0.09409570693969727,1.5407636165618896
-0.07938544452190399,0.05675986409187317,1.303499698638916
-0.19676336646080017,0.04690109193325043,1.049431562423706
-0.19808600842952728,0.08660367131233215,0.8477399349212646
0.1057269498705864,-0.007209897041320801,1.291379690170288
0.1730305403470993,-0.0653848946094513,1.0260016918182373
0.18841227889060974,-0.0031461790204048157,0.8357759714126587
