-2.044750999630196e-06,-1.0977073543472216e-05,0.895881712436676
0.04088587313890457,-0.10686828196048737,0.9058911204338074
0.13656973838806152,-0.18761283159255981,0.4881778657436371
0.10850502550601959,-0.30736565589904785,0.052568674087524414
-0.040895603597164154,0.10684207081794739,0.8858000636100769
-0.129194438457489,0.02882993221282959,0.46757540106773376
-0.3446506857872009,-0.08363443613052368,0.06826901435852051
0.006471436936408281,-0.011019915342330933,1.1314091682434082
0.08366724848747253,-0.012340158224105835,1.3579763174057007
0.1626552939414978,-0.021211564540863037,1.414482593536377
0.17274989187717438,0.002102971076965332,1.5198297500610352
0.08269992470741272,0.08529239892959595,1.29106867313385
0.07980981469154358,0.15437407791614532,1.0249344110488892
0.12307016551494598,0.10401073098182678,0.8121955394744873
0.0548575222492218,-0.11480757594108582,1.2912099361419678
0.019987717270851135,-0.20820289850234985,1.0360431671142578
0.08513814210891724,-0.1987866312265396,0.8169862627983093
