-6.993841452640481e-07,-1.1998399713775143e-05,0.8958917260169983
0.10931327939033508,-0.03995942324399948,0.9000008702278137
0.07787762582302094,-0.1059630811214447,0.4496372640132904
0.007471099495887756,-0.2483530044555664,0.021068096160888672
-0.10931780934333801,0.03994084894657135,0.891692042350769
-0.1431891769170761,-0.00929713249206543,0.44901663064956665
-0.20672950148582458,-0.16140246391296387,0.03057795763015747
-0.005294276401400566,-0.0063745081424713135,1.138047456741333
-0.003934178501367569,0.016328930854797363,1.3770543336868286
0.03790949285030365,0.12304288148880005,1.4153568744659424
0.03279003128409386,0.10342878103256226,1.509467363357544
-0.11195401847362518,0.05541396141052246,1.3375377655029297
-0.1783217489719391,0.1628206968307495,1.4715523719787598
-0.11465911567211151,0.19697970151901245,1.633253574371338
0.10232223570346832,-0.031646132469177246,1.3384349346160889
0.24116042256355286,0.013551950454711914,1.4451489448547363
0.20708678662776947,0.12172174453735352,1.6050493717193604
