-1.8668847587832715e-06,-9.920771844917908e-06,0.8958789706230164
0.020348578691482544,-0.11838186532258987,0.9092662334442139
0.15227848291397095,-0.21561744809150696,0.5013619661331177
0.1442364752292633,-0.36360645294189453,0.07376718521118164
-0.020359188318252563,0.1183539479970932,0.8824257850646973
-0.11198056489229202,0.04028394818305969,0.4650803804397583
-0.31857651472091675,-0.05410200357437134,0.05697441101074219
0.00755471084266901,-0.0009562522172927856,1.1278221607208252
0.0710827112197876,0.0013256669044494629,1.3610601425170898
0.13794605433940887,-0.01753246784210205,1.4215855598449707
0.12485682964324951,0.018876850605010986,1.521790623664856
0.09511145949363708,0.10302186012268066,1.2883222103118896
0.12801438570022583,0.15915438532829285,1.0197774171829224
0.17650555074214935,0.08325304090976715,0.8105767965316772
0.024672742933034897,-0.10625806450843811,1.3055660724639893
-0.02541397511959076,-0.20760707557201385,1.0598506927490234
0.08540751039981842,-0.23384873569011688,0.8717286586761475
