-5.208059974393109e-06,-1.1577718396438286e-05,0.8958852291107178
0.09915832430124283,0.001261905999854207,0.8985008001327515
0.12093779444694519,-0.09688085317611694,0.4693455398082733
0.12344259023666382,-0.2533256411552429,0.04725992679595947
-0.09916360676288605,-0.0012789759784936905,0.8931867480278015
-0.18991369009017944,-0.026766836643218994,0.4678492844104767
-0.24507658183574677,-0.16326969861984253,0.053224027156829834
-0.016072047874331474,-0.02727222442626953,1.1316019296646118
-0.01844117045402527,0.03697541356086731,1.372848391532898
-0.007249772548675537,0.10891854763031006,1.4356476068496704
0.004057958722114563,0.09419488906860352,1.544269323348999
-0.10081356763839722,0.0156632661819458,1.2963533401489258
-0.18126612901687622,-0.0085534006357193,1.0252339839935303
-0.1961572915315628,0.025803908705711365,0.8045108318328857
0.06471739709377289,0.034413814544677734,1.2975093126296997
0.13559500873088837,0.02365855872631073,1.027677059173584
0.09134271740913391,0.10952221602201462,0.8387112021446228
