-2.3167549443314783e-06,-9.697792847873643e-06,0.8958789110183716
0.01902337372303009,-0.11558976024389267,0.9089163541793823
0.14735475182533264,-0.21257424354553223,0.49907246232032776
0.14699381589889526,-0.36162489652633667,0.07257843017578125
-0.019033879041671753,0.11556169390678406,0.8827757239341736
-0.11080079525709152,0.036777347326278687,0.4650005102157593
-0.3169286549091339,-0.055828869342803955,0.055776238441467285
0.00551621476188302,-0.001556694507598877,1.1283478736877441
0.06738483905792236,0.003449857234954834,1.362291932106018
0.13494962453842163,-0.016049325466156006,1.4218084812164307
0.12607628107070923,0.021268069744110107,1.522958517074585
0.09218250215053558,0.10318070650100708,1.2883508205413818
0.12050247192382812,0.16078518331050873,1.019956111907959
0.17345325648784637,0.08813372999429703,0.8111546635627747
0.019701015204191208,-0.10252439975738525,1.30772066116333
-0.03359966352581978,-0.2070446014404297,1.0635817050933838
0.08253213763237,-0.23422206938266754,0.8746197819709778
