-6.162055797176436e-06,-7.939794159028679e-06,0.895882248878479
0.0699971467256546,0.08098168671131134,0.8921834826469421
0.1576252281665802,-0.03511863946914673,0.48418673872947693
0.3794283866882324,-0.26837438344955444,0.12708085775375366
-0.07000404596328735,-0.08100640773773193,0.8995075225830078
-0.21791768074035645,-0.07061353325843811,0.5256599187850952
-0.1762891709804535,-0.2209520936012268,0.11039739847183228
-0.03050495684146881,0.01557302474975586,1.1190365552902222
-0.08932957053184509,0.08477276563644409,1.3447880744934082
-0.13678863644599915,0.1225019097328186,1.4034948348999023
-0.10382933914661407,0.1437588334083557,1.502336025238037
-0.11608751863241196,-0.01882117986679077,1.2799739837646484
-0.13173824548721313,-0.10302246361970901,1.0239802598953247
-0.19280286133289337,-0.09499117732048035,0.8053972125053406
-0.04228594899177551,0.16289061307907104,1.2727060317993164
0.004772111773490906,0.21526792645454407,1.0007972717285156
-0.053034454584121704,0.20930932462215424,0.794432520866394
