-1.824951141315978e-07,-1.1040105164283887e-05,0.8958840370178223
0.09138742089271545,-0.04456133395433426,0.9103750586509705
0.0841558426618576,-0.10476845502853394,0.46759289503097534
0.02756766974925995,-0.24729830026626587,0.04758715629577637
-0.09139056503772736,0.044546809047460556,0.881314218044281
-0.06686431914567947,-0.04047146439552307,0.4432554244995117
-0.07525984197854996,-0.20722639560699463,0.02921116352081299
-0.018912510946393013,-0.010411441326141357,1.1317342519760132
-0.013963360339403152,0.06336778402328491,1.369929552078247
0.015638478100299835,0.1456223726272583,1.440775752067566
0.005669265985488892,0.12477636337280273,1.5457366704940796
-0.10040166974067688,0.09180793166160583,1.2860252857208252
-0.17207911610603333,0.08513423800468445,1.0203596353530884
-0.13529083132743835,0.12275129556655884,0.8188328742980957
0.07173052430152893,0.0029397308826446533,1.3050148487091064
0.164498969912529,-0.07195207476615906,1.0485804080963135
0.17986884713172913,0.01416178047657013,0.8510788679122925
