-1.4131128409644589e-06,-1.3037810276728123e-05,0.8958827257156372
0.10354264080524445,0.034075796604156494,0.8942736983299255
0.10953980684280396,-0.07440635561943054,0.46174752712249756
0.17262905836105347,-0.29374492168426514,0.05331927537918091
-0.10354874283075333,-0.03409687802195549,0.8974138498306274
-0.22732169926166534,-0.03695431351661682,0.4706471562385559
-0.30813854932785034,-0.13820528984069824,0.03993576765060425
0.01534968800842762,-0.024910688400268555,1.1301164627075195
-0.01875966787338257,0.04206883907318115,1.3720531463623047
-0.06037729233503342,0.10699814558029175,1.4311517477035522
-0.04339071363210678,0.11376792192459106,1.5412733554840088
-0.0950177013874054,-0.021684348583221436,1.3009071350097656
-0.17564022541046143,-0.10544668138027191,1.0463244915008545
-0.22511567175388336,-0.06296161562204361,0.8243175148963928
0.07471118867397308,0.07798418402671814,1.3001244068145752
0.1808224320411682,0.10333281755447388,1.0489702224731445
0.07744388282299042,0.1712123453617096,0.8712627291679382
