-2.659271558513865e-06,-8.624632755527273e-06,0.8958790898323059
0.0260469987988472,-0.11701800674200058,0.9062976837158203
0.1466430127620697,-0.20574921369552612,0.4949479401111603
0.13768920302391052,-0.3494960069656372,0.07048273086547852
-0.026056990027427673,0.11699259281158447,0.8853937983512878
-0.11217263340950012,0.05089619755744934,0.46810707449913025
-0.3187394142150879,-0.03329920768737793,0.059564828872680664
0.019142191857099533,-0.010827571153640747,1.1274515390396118
0.08606031537055969,-0.004896491765975952,1.3608245849609375
0.1512216180562973,-0.016513824462890625,1.4234061241149902
0.14011278748512268,0.019203364849090576,1.525411605834961
0.10211257636547089,0.09152519702911377,1.2884410619735718
0.12085230648517609,0.15261688828468323,1.0202769041061401
0.1605623960494995,0.09106557816267014,0.8061526417732239
0.04825104773044586,-0.10865351557731628,1.3019332885742188
0.018300026655197144,-0.20868311822414398,1.0525401830673218
0.11987356841564178,-0.21434544026851654,0.8559209108352661
