3.382356226211414e-07,-1.3494576705852523e-05,0.8958940505981445
0.11110061407089233,-0.03975416347384453,0.9010525345802307
0.0906631350517273,-0.10737872123718262,0.45346689224243164
0.038182780146598816,-0.263465940952301,0.026487231254577637
-0.11110292375087738,0.039738208055496216,0.8906415104866028
-0.12450647354125977,-0.0193026065826416,0.4457875192165375
-0.16634514927864075,-0.17354780435562134,0.02195727825164795
-0.0054113538935780525,-0.023994475603103638,1.134446144104004
0.005812530871480703,-0.006206899881362915,1.3787178993225098
0.05059163272380829,0.09368789196014404,1.425714373588562
0.05049379914999008,0.07050365209579468,1.5249285697937012
-0.10582285374403,0.034128040075302124,1.3351104259490967
-0.2123347520828247,0.14889934659004211,1.3478907346725464
-0.1364070177078247,0.23786616325378418,1.449731469154358
0.1129586473107338,-0.06112915277481079,1.328275442123413
0.31274181604385376,-0.060293048620224,1.3046597242355347
0.3525659441947937,0.11007615923881531,1.4224690198898315
