-1.7084930732380599e-06,-9.901959856506437e-06,0.895879328250885
0.019575566053390503,-0.11901970207691193,0.9096916913986206
0.150978684425354,-0.21539083123207092,0.5004335641860962
0.14081233739852905,-0.3644605875015259,0.07331705093383789
-0.019586563110351562,0.11899106949567795,0.8820000886917114
-0.11643843352794647,0.04095014929771423,0.46406883001327515
-0.32431483268737793,-0.05429893732070923,0.05666166543960571
0.008243078365921974,-0.0019497126340866089,1.1275763511657715
0.07333511859178543,-0.0004551708698272705,1.3601434230804443
0.1395994871854782,-0.01858001947402954,1.4221360683441162
0.12558245658874512,0.017957687377929688,1.5214226245880127
0.09883177280426025,0.10110729932785034,1.2875192165374756
0.1339344084262848,0.15639209747314453,1.0189541578292847
0.17791882157325745,0.08063621819019318,0.804282009601593
0.025784924626350403,-0.10805535316467285,1.3047776222229004
-0.02847501076757908,-0.20811673998832703,1.059999942779541
0.08299680054187775,-0.2356044352054596,0.8637322187423706
