-6.353715434670448e-06,-9.243463864549994e-06,0.8958820104598999
0.08044014871120453,0.07129223644733429,0.8928163051605225
0.14418001472949982,-0.03959354758262634,0.46681180596351624
0.27345311641693115,-0.251476526260376,0.07073748111724854
-0.08044856786727905,-0.07131818681955338,0.8988745212554932
-0.24240945279598236,-0.07394185662269592,0.4982817769050598
-0.28637582063674927,-0.191015362739563,0.06513011455535889
-0.01948949508368969,0.0070146918296813965,1.1227641105651855
-0.08906623721122742,0.08232343196868896,1.3463001251220703
-0.1565612554550171,0.1176825761795044,1.3990023136138916
-0.13458940386772156,0.14365333318710327,1.5036396980285645
-0.11442800611257553,-0.015199214220046997,1.284455418586731
-0.1298103630542755,-0.10869485139846802,1.0271116495132446
-0.17429417371749878,-0.10961434245109558,0.8059800863265991
-0.03961999714374542,0.15498080849647522,1.273545265197754
-0.005025126039981842,0.19431835412979126,1.0039416551589966
-0.07178767025470734,0.17868871986865997,0.7992644309997559
