-1.1650058695522603e-06,-1.112358586397022e-05,0.8958831429481506
0.0994681790471077,-0.03137687221169472,0.9037259221076965
0.10714593529701233,-0.11014991998672485,0.45577335357666016
0.07975679636001587,-0.2796984910964966,0.03921198844909668
-0.09947183728218079,0.03135994076728821,0.8879621028900146
-0.10468350350856781,-0.04376301169395447,0.4398975074291229
-0.1181047335267067,-0.21316659450531006,0.024880647659301758
0.0013065412640571594,-0.02028176188468933,1.1313936710357666
0.047133512794971466,0.03282445669174194,1.371086835861206
0.08888016641139984,0.11399787664413452,1.4349260330200195
0.09517014771699905,0.08782309293746948,1.5376214981079102
-0.0536607950925827,0.053313225507736206,1.304473638534546
-0.16989657282829285,0.045581549406051636,1.053967833518982
-0.16836170852184296,0.09251514822244644,0.8614082336425781
0.13142473995685577,-0.014599800109863281,1.2930699586868286
0.19275712966918945,-0.06573265790939331,1.0325977802276611
0.1963665932416916,0.004935607314109802,0.8478246331214905
