-3.7665040508727543e-06,-1.2518630683189258e-05,0.8958977460861206
0.10107050836086273,-0.03587598726153374,0.9009655117988586
0.07855325192213058,-0.10379388928413391,0.45750686526298523
0.028245583176612854,-0.2558192014694214,0.03822016716003418
-0.10107481479644775,0.03585948050022125,0.8907285928726196
-0.12157092988491058,-0.006902515888214111,0.4498255252838135
-0.16389425098896027,-0.152934730052948,0.03725898265838623
0.004413089714944363,-0.008356794714927673,1.137265920639038
0.008194494992494583,0.019991636276245117,1.3784451484680176
0.041134320199489594,0.12332046031951904,1.4192228317260742
0.0368959978222847,0.0966498851776123,1.5194047689437866
-0.0989360511302948,0.04493018984794617,1.3336738348007202
-0.1811741143465042,0.13407564163208008,1.3812156915664673
-0.11776337027549744,0.16156446933746338,1.4777836799621582
0.11318226158618927,-0.01501387357711792,1.3388473987579346
0.23367027938365936,0.06456375122070312,1.4119795560836792
0.13751360774040222,0.1550934910774231,1.549555778503418
