-3.0833202799840365e-06,-1.047480691340752e-05,0.8958798050880432
0.08912114799022675,0.06323246657848358,0.8909380435943604
0.1285199522972107,-0.04873710870742798,0.468475341796875
0.23432910442352295,-0.27073514461517334,0.07278895378112793
-0.08913077414035797,-0.06325899809598923,0.9007517695426941
-0.25714731216430664,-0.0544830858707428,0.5024635791778564
-0.29774343967437744,-0.17775899171829224,0.07150036096572876
-0.007898595184087753,0.0009027570486068726,1.1287038326263428
-0.07082290202379227,0.07355612516403198,1.3594567775726318
-0.1307814121246338,0.11537164449691772,1.4116098880767822
-0.11345070600509644,0.14297693967819214,1.5184550285339355
-0.10896164178848267,-0.01933532953262329,1.2954100370407104
-0.13405659794807434,-0.11091766506433487,1.0372034311294556
-0.191005676984787,-0.09655113518238068,0.8099844455718994
-0.012378573417663574,0.14135676622390747,1.2871150970458984
0.021715518087148666,0.17443369328975677,1.0202624797821045
-0.05970640480518341,0.1724148690700531,0.8295904397964478
