6.289014891081024e-07,-1.0596937499940395e-05,0.8958826661109924
0.05875319987535477,0.08585363626480103,0.8898558020591736
0.18768760561943054,-0.04724368453025818,0.48869848251342773
0.416792631149292,-0.25578564405441284,0.129330575466156
-0.05875914916396141,-0.08587820082902908,0.90183424949646
-0.23587363958358765,-0.08228296041488647,0.5400228500366211
-0.2019592821598053,-0.23119807243347168,0.12780284881591797
-0.00993395783007145,0.014214575290679932,1.1172715425491333
-0.04673617333173752,0.07690855860710144,1.34679114818573
-0.10263890027999878,0.10232394933700562,1.3983023166656494
-0.07335051894187927,0.13528788089752197,1.4987568855285645
-0.06033969298005104,-0.024292975664138794,1.2857024669647217
-0.09213932603597641,-0.10585261881351471,1.0362812280654907
-0.17111554741859436,-0.09724768996238708,0.8398422002792358
-0.02204754948616028,0.15511590242385864,1.2718454599380493
-0.011448517441749573,0.19798682630062103,1.0072612762451172
-0.0809718668460846,0.18133194744586945,0.8123228549957275
