1.7025104170897976e-07,-1.2950404197908938e-05,0.8958966732025146
0.09077170491218567,-0.08129160106182098,0.9200356006622314
0.17495515942573547,-0.21543115377426147,0.5449442267417908
0.04942721128463745,-0.4298105239868164,0.18409943580627441
-0.0907740443944931,0.08127002418041229,0.8716595768928528
-0.045085608959198,0.02944079041481018,0.43059688806533813
-0.045553430914878845,-0.12269341945648193,0.004874050617218018
-0.0148187056183815,0.005790114402770996,1.1328200101852417
0.008329169824719429,0.03669974207878113,1.3695024251937866
0.0674431174993515,0.1380077600479126,1.4094692468643188
0.07016102224588394,0.11738651990890503,1.5101838111877441
-0.09442806243896484,0.10373243689537048,1.3147557973861694
-0.16885173320770264,0.24150878190994263,1.3317131996154785
-0.030115842819213867,0.26637136936187744,1.3841716051101685
0.09934457391500473,-0.045355379581451416,1.330089807510376
0.2394673377275467,-0.030230849981307983,1.3099766969680786
0.18565724790096283,0.12327229976654053,1.3713620901107788
