-2.3155216695158742e-06,-1.3184060662752017e-05,0.8958861231803894
0.10515756905078888,-0.032585255801677704,0.8977767825126648
0.07535938918590546,-0.10558962821960449,0.4510519504547119
0.008327260613441467,-0.25806355476379395,0.030214786529541016
-0.10516102612018585,0.03256961330771446,0.8939095139503479
-0.13558167219161987,-0.028659969568252563,0.44700977206230164
-0.18937741219997406,-0.1856268048286438,0.0334089994430542
-0.00036521488800644875,-0.02582782506942749,1.1250402927398682
0.015140571631491184,0.03182578086853027,1.374600887298584
0.048633623868227005,0.11628532409667969,1.4434503316879272
0.04522036388516426,0.08992189168930054,1.5458811521530151
-0.08290006965398788,0.04995349049568176,1.3029016256332397
-0.17956048250198364,0.049573689699172974,1.0423260927200317
-0.08584268391132355,0.06975207477807999,0.8809192180633545
0.10649064928293228,-0.010624796152114868,1.3007023334503174
0.186223566532135,-0.0589531809091568,1.0401406288146973
0.12038984894752502,0.05312831699848175,0.895110011100769
