-3.474397090030834e-07,-1.141758548328653e-05,0.89588463306427
0.10423949360847473,-0.03327213600277901,0.9033785462379456
0.10618671774864197,-0.1035757064819336,0.45383262634277344
0.07784318923950195,-0.274127721786499,0.038183510303497314
-0.10424338281154633,0.033253639936447144,0.8883094787597656
-0.10854865610599518,-0.049796611070632935,0.44254714250564575
-0.12273548543453217,-0.22666335105895996,0.029535412788391113
-0.0004770855884999037,-0.0237138569355011,1.1270887851715088
0.03763972595334053,0.027730613946914673,1.3706269264221191
0.08177033066749573,0.11163091659545898,1.4362884759902954
0.08711224794387817,0.083950936794281,1.5383644104003906
-0.0643625259399414,0.05116412043571472,1.3060413599014282
-0.18687407672405243,0.04649481177330017,1.0618194341659546
-0.20152083039283752,0.10614661872386932,0.8690713047981262
0.12339283525943756,-0.02420097589492798,1.2905325889587402
0.19652631878852844,-0.09969601035118103,1.033822774887085
0.2378406971693039,-0.02421068400144577,0.8517003655433655
