-2.001830580411479e-06,-1.037427136907354e-05,0.8958817720413208
0.019011735916137695,-0.12905201315879822,0.9108343124389648
0.16856622695922852,-0.2257087230682373,0.5196029543876648
0.06756176054477692,-0.3414764404296875,0.10138052701950073
-0.019021861255168915,0.12902474403381348,0.880858302116394
-0.09963022917509079,0.07428756356239319,0.46627429127693176
-0.3694061040878296,0.004397213459014893,0.08803665637969971
0.04278385266661644,-0.018511071801185608,1.120154619216919
0.14683020114898682,-0.02952447533607483,1.3308004140853882
0.22287222743034363,-0.039723992347717285,1.3833425045013428
0.21783646941184998,-0.009018898010253906,1.4871631860733032
0.1602686047554016,0.08010438084602356,1.2584822177886963
0.1645234078168869,0.15983159840106964,0.9917945265769958
0.19775447249412537,0.09790919721126556,0.7787257432937622
0.09735062718391418,-0.13918796181678772,1.2737265825271606
0.04576501250267029,-0.22540098428726196,1.0305495262145996
0.14369511604309082,-0.22308281064033508,0.8270120620727539
