-8.215965863200836e-06,-1.0840718459803611e-05,0.8958966732025146
0.09768157452344894,0.005662988871335983,0.8989362120628357
0.10934090614318848,-0.0986672043800354,0.44570234417915344
0.09326167404651642,-0.2520984411239624,0.018108487129211426
-0.0976865291595459,-0.005682811141014099,0.8927556276321411
-0.1156085804104805,-0.08942723274230957,0.4416116774082184
-0.1266678273677826,-0.25516724586486816,0.019527018070220947
0.025214310735464096,-0.023736193776130676,1.135338306427002
0.04601241648197174,-0.017231881618499756,1.3796231746673584
0.07344825565814972,0.0653831958770752,1.43539559841156
0.07993033528327942,0.03528702259063721,1.534106731414795
-0.04406372085213661,-0.0350782573223114,1.3062376976013184
-0.20274001359939575,-0.02633213996887207,1.1005960702896118
-0.2181655466556549,0.07958310842514038,1.1908642053604126
0.11867229640483856,0.004161059856414795,1.3434064388275146
0.04285654425621033,0.15370970964431763,1.243798851966858
-0.11521071195602417,0.17363542318344116,1.2851848602294922
