-4.111670932616107e-06,-1.3115277397446334e-05,0.8958983421325684
0.10793887078762054,-0.038001421838998795,0.8988905549049377
0.09083116054534912,-0.10945984721183777,0.4505377411842346
0.04161708056926727,-0.2691972851753235,0.024995923042297363
-0.1079426109790802,0.03798545524477959,0.8928009271621704
-0.12646597623825073,-0.016637325286865234,0.4482611417770386
-0.16483759880065918,-0.16851961612701416,0.028599441051483154
0.0036312283482402563,-0.016824200749397278,1.136185884475708
0.00713070435449481,-0.0022691190242767334,1.3754215240478516
0.04504261910915375,0.10388541221618652,1.4204559326171875
0.03561452776193619,0.07813376188278198,1.5154979228973389
-0.1033385694026947,0.035010695457458496,1.3334667682647705
-0.1794823706150055,0.1515411138534546,1.4252325296401978
-0.07443700730800629,0.15122294425964355,1.5095112323760986
0.11740648746490479,-0.04301577806472778,1.3335696458816528
0.26644259691238403,0.03419995307922363,1.4439620971679688
0.17703965306282043,0.15240347385406494,1.5652198791503906
