-3.92702168028336e-06,-1.1380285286577418e-05,0.8958919048309326
0.056086793541908264,-0.053579241037368774,0.9019982218742371
0.06038539856672287,-0.11993956565856934,0.4470336139202118
-0.009631380438804626,-0.2370736002922058,0.008397459983825684
-0.05609425902366638,0.053559351712465286,0.8896960020065308
-0.1155431792140007,-0.0050969719886779785,0.43920332193374634
-0.1922372281551361,-0.12759411334991455,0.004126191139221191
-0.02550596371293068,0.0022557824850082397,1.1377607583999634
-0.026863768696784973,0.009525984525680542,1.3833123445510864
0.014245055615901947,0.07433927059173584,1.433410882949829
-0.004576258361339569,0.06742429733276367,1.5381486415863037
-0.03863632678985596,0.052214473485946655,1.3430709838867188
0.12537649273872375,0.011733561754226685,1.1822810173034668
0.15007586777210236,-0.10151706635951996,1.1947712898254395
0.008911799639463425,-0.04604145884513855,1.3117613792419434
0.1574101448059082,-0.09789130836725235,1.091996669769287
0.28907233476638794,-0.04249128699302673,1.141084909439087
