2.6925818019662984e-07,-1.2496529961936176e-05,0.895879864692688
0.06262868642807007,0.086568683385849,0.886146605014801
0.10029448568820953,-0.02991744875907898,0.4678363800048828
0.24095439910888672,-0.21892249584197998,0.06752097606658936
-0.06263329833745956,-0.08659079670906067,0.9055427312850952
-0.24053412675857544,-0.0855017900466919,0.5067831873893738
-0.35133880376815796,-0.1750618815422058,0.08715462684631348
0.03651483356952667,-0.002940565347671509,1.124496579170227
0.041133999824523926,0.044948309659957886,1.371675729751587
-0.014322523027658463,0.07266503572463989,1.4373273849487305
0.02739136293530464,0.09474396705627441,1.536896824836731
0.018156159669160843,-0.062417447566986084,1.3169515132904053
-0.018497660756111145,-0.17509610950946808,1.0691062211990356
-0.1343749463558197,-0.1455068290233612,0.9390311241149902
0.07248697429895401,0.13319849967956543,1.2919169664382935
0.0759405642747879,0.20101726055145264,1.0351285934448242
-0.057337790727615356,0.19224125146865845,0.9284141063690186
