-2.8498061510617845e-06,-1.1104420991614461e-05,0.8958934545516968
0.10621078312397003,-0.041901204735040665,0.9006845355033875
0.07480102777481079,-0.11027693748474121,0.4517660439014435
0.006920874118804932,-0.2559882402420044,0.024602532386779785
-0.10621592402458191,0.04188297316431999,0.8910083174705505
-0.13209787011146545,-0.0014069676399230957,0.4467118978500366
-0.18300718069076538,-0.15186548233032227,0.02584397792816162
-0.009254083037376404,-0.006102040410041809,1.1394360065460205
-0.014273010194301605,0.014916837215423584,1.3788028955459595
0.014657191932201385,0.12281879782676697,1.4157148599624634
0.00775831937789917,0.1049656867980957,1.508691430091858
-0.12101121246814728,0.05035775899887085,1.3341249227523804
-0.18610280752182007,0.1573520302772522,1.446565866470337
-0.10974124073982239,0.177018940448761,1.6108708381652832
0.09405437111854553,-0.025221794843673706,1.3457396030426025
0.1992061883211136,0.05460476875305176,1.4685742855072021
0.10540381073951721,0.13458466529846191,1.6282858848571777
