-9.468913049204275e-07,-1.1272499250480905e-05,0.8958856463432312
0.09989696741104126,-0.036580801010131836,0.9054681062698364
0.06780184060335159,-0.1058514416217804,0.4667821526527405
0.0037767887115478516,-0.24050217866897583,0.03974640369415283
-0.0999000072479248,0.03656692057847977,0.8862207531929016
-0.09702612459659576,-0.03815150260925293,0.44790396094322205
-0.10327054560184479,-0.19632548093795776,0.026895105838775635
-0.003936995752155781,-0.021094948053359985,1.1310181617736816
0.01702437549829483,0.04134520888328552,1.371680498123169
0.05304251238703728,0.12519127130508423,1.438337802886963
0.056874100118875504,0.10206937789916992,1.5435506105422974
-0.084067702293396,0.06232947111129761,1.299773931503296
-0.19072911143302917,0.05002129077911377,1.0303149223327637
-0.1799887716770172,0.10019509494304657,0.8098068833351135
0.10488888621330261,-0.01202934980392456,1.2978841066360474
0.17471833527088165,-0.07308215647935867,1.026304006576538
0.18151038885116577,-0.001380421221256256,0.8193311095237732
