-2.3519360183854587e-06,-1.1604199244175106e-05,0.8958945870399475
0.1061488538980484,-0.040757399052381516,0.9002895355224609
0.0683528482913971,-0.10734474658966064,0.4494149684906006
-0.016721785068511963,-0.24683356285095215,0.022458255290985107
-0.10615436732769012,0.04073743522167206,0.8914039134979248
-0.14362689852714539,0.0023266971111297607,0.4474377930164337
-0.21537449955940247,-0.13440316915512085,0.02748847007751465
-0.018283195793628693,-0.0032004117965698242,1.1377403736114502
-0.04137318953871727,0.024788856506347656,1.370765209197998
-0.020828545093536377,0.1227460503578186,1.4107352495193481
-0.03599236160516739,0.10562759637832642,1.4996685981750488
-0.146149143576622,0.05474841594696045,1.320549488067627
-0.241662859916687,0.16523689031600952,1.415258765220642
-0.18439322710037231,0.2031611204147339,1.5744270086288452
0.0669155865907669,-0.009065985679626465,1.3476545810699463
0.1453409194946289,0.07104283571243286,1.4794018268585205
0.04281316325068474,0.13072854280471802,1.628471851348877
