-4.694326889875811e-06,-1.1936957889702171e-05,0.8958963751792908
0.10158243030309677,-0.00025784061290323734,0.8986785411834717
0.10983225703239441,-0.09205073118209839,0.44683828949928284
0.09135574102401733,-0.24469614028930664,0.021848738193511963
-0.1015872061252594,0.00023859180510044098,0.8930134773254395
-0.1124199852347374,-0.08517873287200928,0.443192720413208
-0.12336026132106781,-0.2531825304031372,0.02265787124633789
0.016407713294029236,-0.02279616892337799,1.135525107383728
0.03547009080648422,-0.011125713586807251,1.3836160898208618
0.06725874543190002,0.07559484243392944,1.4348047971725464
0.073678158223629,0.04463094472885132,1.5367059707641602
-0.06266001611948013,-0.01902589201927185,1.3162765502929688
-0.22345340251922607,0.014932721853256226,1.1611311435699463
-0.207118421792984,0.11134916543960571,1.2699683904647827
0.12155771255493164,-0.003470003604888916,1.3454786539077759
0.12050467729568481,0.13360503315925598,1.2727444171905518
-0.020959079265594482,0.1966627538204193,1.3587900400161743
