-1.114271981350612e-06,-9.696825145510957e-06,0.8958829641342163
0.06406380236148834,0.08529964089393616,0.8899625539779663
0.18547162413597107,-0.03473174571990967,0.4790111184120178
0.3861483931541443,-0.24165338277816772,0.10418391227722168
-0.06406997889280319,-0.08532401919364929,0.9017276167869568
-0.24271529912948608,-0.08586975932121277,0.5304526090621948
-0.22077804803848267,-0.23549968004226685,0.11090052127838135
-0.015206821262836456,0.00781986117362976,1.120805025100708
-0.062370896339416504,0.07020515203475952,1.3470178842544556
-0.12042032182216644,0.09630733728408813,1.396655797958374
-0.09176613390445709,0.1257007122039795,1.4984629154205322
-0.07535916566848755,-0.03271150588989258,1.2849525213241577
-0.10191644728183746,-0.1229943335056305,1.0375990867614746
-0.17960500717163086,-0.10981582850217819,0.839730978012085
-0.0338129922747612,0.15167585015296936,1.2747328281402588
-0.01644795387983322,0.20573505759239197,1.0096848011016846
-0.0831056535243988,0.18811991810798645,0.8098351955413818
