-1.5782816262799315e-06,-1.2641539797186852e-05,0.8958965539932251
0.10848379135131836,-0.041331417858600616,0.9018506407737732
0.13288605213165283,-0.11936965584754944,0.4591345191001892
0.102410688996315,-0.29264360666275024,0.040206313133239746
-0.108485147356987,0.041313447058200836,0.8898428082466125
-0.09661570936441422,-0.03920188546180725,0.44236254692077637
-0.09590189158916473,-0.2172154188156128,0.021609485149383545
0.018525121733546257,-0.020436391234397888,1.1364599466323853
0.05750196799635887,-0.010523438453674316,1.3644721508026123
0.11886528879404068,0.09002044796943665,1.3975670337677002
0.127513587474823,0.06658387184143066,1.4906277656555176
-0.04672574996948242,0.040369391441345215,1.3375942707061768
-0.03666047751903534,0.13882774114608765,1.4488826990127563
0.08460742980241776,0.10245949029922485,1.5502127408981323
0.15880391001701355,-0.06774181127548218,1.313359260559082
0.3638027012348175,-0.01932486891746521,1.3664796352386475
0.3545520603656769,0.11256569623947144,1.5207158327102661
