6.527220648422372e-07,-1.4857454516459256e-05,0.895886242389679
0.10946222394704819,0.013214744627475739,0.8945084810256958
0.10176733136177063,-0.08924180269241333,0.45861124992370605
0.1285545527935028,-0.30047607421875,0.05015158653259277
-0.10946931689977646,-0.013235896825790405,0.8971775770187378
-0.2192825824022293,-0.008332818746566772,0.465381920337677
-0.29735833406448364,-0.12291646003723145,0.039754271507263184
0.02177370898425579,-0.03153255581855774,1.1288344860076904
0.03282851353287697,0.03441828489303589,1.3707677125930786
0.01857737824320793,0.11677318811416626,1.4295573234558105
0.040371548384428024,0.11058467626571655,1.5427591800689697
-0.06709559261798859,-0.00027114152908325195,1.3031558990478516
-0.17843793332576752,-0.06461989134550095,1.0487806797027588
-0.20993821322917938,-0.009271182119846344,0.8307183384895325
0.13715074956417084,0.03900492191314697,1.2908756732940674
0.27528658509254456,0.02941751480102539,1.046228051185608
0.21720117330551147,0.13402009010314941,0.8855375051498413
