2.1591085896943696e-07,-1.197835081256926e-05,0.895885705947876
0.09579375386238098,-0.04210016503930092,0.9088700413703918
0.0592522919178009,-0.11653918027877808,0.4600176215171814
-0.017964735627174377,-0.25227057933807373,0.04316377639770508
-0.09579712152481079,0.04208289086818695,0.8828182816505432
-0.13087023794651031,-0.004858225584030151,0.44784191250801086
-0.19650906324386597,-0.1570523977279663,0.038459956645965576
-0.012159941717982292,-0.016920313239097595,1.1299201250076294
-0.0037132762372493744,0.04894053936004639,1.3729759454727173
0.03124929964542389,0.1293737292289734,1.4360301494598389
0.021917641162872314,0.10816293954849243,1.5413485765457153
-0.09713424742221832,0.07430821657180786,1.292564868927002
-0.20594242215156555,0.06761610507965088,1.039505958557129
-0.21761582791805267,0.12060095369815826,0.8471879363059998
0.08432997763156891,-0.007189303636550903,1.3095970153808594
0.17291146516799927,-0.0897868424654007,1.0570846796035767
0.21289944648742676,-0.030709676444530487,0.8601385354995728
