-1.3261242202133872e-06,-9.580833648215048e-06,0.8958778381347656
0.060254454612731934,0.08363740146160126,0.889665424823761
0.1525895893573761,-0.03806900978088379,0.48209965229034424
0.32808369398117065,-0.22245854139328003,0.09244585037231445
-0.06026063486933708,-0.08366220444440842,0.9020256996154785
-0.2435019314289093,-0.0939282774925232,0.5261640548706055
-0.28131982684135437,-0.219230055809021,0.10503089427947998
0.0007768161594867706,0.01143704354763031,1.1226255893707275
-0.02764243632555008,0.07400158047676086,1.363591194152832
-0.08428783714771271,0.09774476289749146,1.42508864402771
-0.04467146843671799,0.12756842374801636,1.525002360343933
-0.04342786595225334,-0.032018184661865234,1.3065520524978638
-0.0680072233080864,-0.13768620789051056,1.0624377727508545
-0.1564953327178955,-0.10927411913871765,0.9023182392120361
0.0017964020371437073,0.15563803911209106,1.28555166721344
0.022341925650835037,0.20480191707611084,1.0272802114486694
-0.06975772976875305,0.18205539882183075,0.8668184280395508
