-7.100579750840552e-07,-1.1853717296617106e-05,0.8958853483200073
0.09965546429157257,-0.032399266958236694,0.9026939868927002
0.10719473659992218,-0.10187184810638428,0.45003145933151245
0.08578047156333923,-0.2662367820739746,0.02814936637878418
-0.09965871274471283,0.03238331526517868,0.8889943957328796
-0.09714256972074509,-0.046582698822021484,0.4382117986679077
-0.10220713168382645,-0.21817421913146973,0.02055150270462036
0.0020332513377070427,-0.021183237433433533,1.1292568445205688
0.04561086744070053,0.02987709641456604,1.368879795074463
0.08879922330379486,0.10822778940200806,1.4337407350540161
0.09408684819936752,0.08202922344207764,1.534834623336792
-0.05387461185455322,0.0541607141494751,1.3048455715179443
-0.18703068792819977,0.0452798455953598,1.0564444065093994
-0.21491976082324982,0.09578900039196014,0.8539770841598511
0.12705281376838684,-0.022284716367721558,1.2881300449371338
0.1895013004541397,-0.10066024959087372,1.023050308227539
0.22732025384902954,-0.041309624910354614,0.8371751308441162
