9.577061064192094e-07,-1.1301268386887386e-05,0.8958826661109924
0.060060642659664154,0.08817685395479202,0.8886659145355225
0.1812416911125183,-0.04265874624252319,0.4817386269569397
0.39480262994766235,-0.25050050020217896,0.11609530448913574
-0.06006709486246109,-0.08820167183876038,0.9030240774154663
-0.2452613115310669,-0.08262813091278076,0.5381289124488831
-0.22212497889995575,-0.22531628608703613,0.12049251794815063
-0.0033869463950395584,0.011608123779296875,1.1188668012619019
-0.036994099617004395,0.07521986961364746,1.3499865531921387
-0.09526030719280243,0.10157525539398193,1.402547001838684
-0.06458859145641327,0.13365596532821655,1.5035090446472168
-0.05190552771091461,-0.02835071086883545,1.2900241613388062
-0.08235834538936615,-0.11939658224582672,1.04062819480896
-0.16191545128822327,-0.11111333221197128,0.8500949740409851
-0.011194601655006409,0.1566285789012909,1.274039387702942
-0.0036196261644363403,0.20575864613056183,1.0094298124313354
-0.07974988222122192,0.18954887986183167,0.8170217871665955
