3.0319279176183045e-07,-1.1224361514905468e-05,0.8958827257156372
0.05932151526212692,0.0891571119427681,0.8880540132522583
0.1768992841243744,-0.04055342078208923,0.4812583327293396
0.38629254698753357,-0.2460414171218872,0.11202383041381836
-0.05932853743433952,-0.08918201178312302,0.90363609790802
-0.24722763895988464,-0.08313587307929993,0.5369985103607178
-0.22699646651744843,-0.22527694702148438,0.11778867244720459
-0.0001396704465150833,0.011283397674560547,1.1199493408203125
-0.03464917093515396,0.07496917247772217,1.3515080213546753
-0.09363029897212982,0.10122102499008179,1.4043163061141968
-0.06306977570056915,0.13243210315704346,1.5055853128433228
-0.04845929518342018,-0.029582232236862183,1.292281985282898
-0.0709204375743866,-0.12556198239326477,1.0452613830566406
-0.15527312457561493,-0.11797375231981277,0.8512067198753357
-0.009242743253707886,0.15708401799201965,1.2741844654083252
-0.001451253890991211,0.20595969259738922,1.009545087814331
-0.08155843615531921,0.1880015730857849,0.8189318180084229
