-8.596790394221898e-06,-1.0717209079302847e-05,0.8958943486213684
0.08661353588104248,-0.002840896602720022,0.898849368095398
0.08665961027145386,-0.09626752138137817,0.45218849182128906
0.06642128527164459,-0.23908352851867676,0.015379071235656738
-0.08661627024412155,0.0028222918044775724,0.8928439617156982
-0.11236391961574554,-0.07104957103729248,0.4470371901988983
-0.13014590740203857,-0.21690869331359863,0.014657378196716309
0.022939268499612808,-0.029106944799423218,1.1386680603027344
0.02448321133852005,-0.02713167667388916,1.3848669528961182
0.04167146980762482,0.04694199562072754,1.4393842220306396
0.04712088406085968,0.020252645015716553,1.5384886264801025
-0.04518793150782585,-0.03080075979232788,1.307814359664917
-0.14935824275016785,-0.019723370671272278,1.0823379755020142
-0.1675797998905182,0.06654557585716248,1.1436349153518677
0.07546503096818924,-0.014384239912033081,1.3500854969024658
-0.06688348203897476,0.08632943034172058,1.2409394979476929
-0.21477651596069336,0.0841122567653656,1.2428863048553467
