-9.493987818132155e-07,-1.3284668966662139e-05,0.895895779132843
0.11138179153203964,-0.04110158234834671,0.89932781457901
0.08922219276428223,-0.10179668664932251,0.45842811465263367
0.03563094139099121,-0.2595731019973755,0.031622469425201416
-0.11138460785150528,0.04108439385890961,0.8923649191856384
-0.12172242999076843,-0.00021094083786010742,0.4516254961490631
-0.16848894953727722,-0.15952646732330322,0.030629754066467285
0.00020163971930742264,-0.018198952078819275,1.1384795904159546
0.008296514861285686,-0.0026328861713409424,1.3779436349868774
0.057602155953645706,0.10367488861083984,1.4136528968811035
0.05586138367652893,0.08367598056793213,1.5124562978744507
-0.1020047664642334,0.04062899947166443,1.3382216691970825
-0.16002613306045532,0.15340471267700195,1.4248405694961548
-0.028999418020248413,0.17146795988082886,1.5218539237976074
0.1196204274892807,-0.05648157000541687,1.3321430683135986
0.3104144036769867,-0.017266690731048584,1.3856399059295654
0.26477372646331787,0.13037073612213135,1.5205258131027222
