3.038378054043278e-06,-1.534543844172731e-05,0.8958994746208191
0.09912078082561493,-0.043363604694604874,0.9037296175956726
0.14915449917316437,-0.11944958567619324,0.46679478883743286
0.13448697328567505,-0.296455442905426,0.054506897926330566
-0.09912259876728058,0.043345846235752106,0.8879646062850952
-0.07831405103206635,-0.044071316719055176,0.44786155223846436
-0.06381577998399734,-0.23034155368804932,0.03685891628265381
0.030509404838085175,-0.02069772779941559,1.1329615116119385
0.09106489270925522,-0.00828900933265686,1.3464034795761108
0.15509188175201416,0.08652669191360474,1.3725395202636719
0.17297902703285217,0.06702578067779541,1.463975429534912
-0.004732273519039154,0.04282718896865845,1.327389121055603
0.028896622359752655,0.11723357439041138,1.4197361469268799
0.13538053631782532,0.06335759162902832,1.4982531070709229
0.17804715037345886,-0.06644541025161743,1.2912318706512451
0.377277135848999,-0.0281083881855011,1.3268206119537354
0.393952876329422,0.0999901294708252,1.4628396034240723
