7.800440471328329e-07,-1.1793639714596793e-05,0.895883321762085
0.06652888655662537,0.08726242184638977,0.8901647925376892
0.18455949425697327,-0.042103976011276245,0.4806976020336151
0.38712844252586365,-0.25318384170532227,0.1063380241394043
-0.06653609871864319,-0.08728824555873871,0.9015257358551025
-0.2547600269317627,-0.07588985562324524,0.528760552406311
-0.2218007892370224,-0.2268049120903015,0.10973727703094482
0.0036945315077900887,-0.00035822391510009766,1.122443675994873
-0.029089421033859253,0.05562770366668701,1.3577224016189575
-0.0823216512799263,0.08195766806602478,1.4139223098754883
-0.048616766929626465,0.10594391822814941,1.5153642892837524
-0.04782263934612274,-0.04618743062019348,1.294693946838379
-0.0696210190653801,-0.14301100373268127,1.0461657047271729
-0.15162664651870728,-0.13233783841133118,0.8457649946212769
0.0031244978308677673,0.13997167348861694,1.2846390008926392
0.013582084327936172,0.2014346420764923,1.021043062210083
-0.06887437403202057,0.1927691549062729,0.819429874420166
