9.300979399995413e-07,-8.98402686289046e-06,0.7375882863998413
0.12181240320205688,-0.03816045820713043,0.7439857125282288
0.24346278607845306,0.21468190848827362,0.5274084806442261
0.16995510458946228,0.06643939018249512,0.10657012462615967
-0.12181229889392853,0.038151346147060394,0.7311290502548218
-0.0417410284280777,0.28478583693504333,0.52043616771698
-0.04505203664302826,0.07152622938156128,0.10602426528930664
0.015301019884645939,0.02701866626739502,0.9545084238052368
0.04312895983457565,0.14529696106910706,1.1747522354125977
0.06508487462997437,0.230915367603302,1.2271157503128052
0.04278608411550522,0.19944190979003906,1.3366751670837402
-0.07562783360481262,0.1660659909248352,1.1012974977493286
-0.13594424724578857,0.19785086810588837,0.8364734649658203
-0.001995682716369629,0.3087083101272583,0.8845738172531128
0.15557439625263214,0.08607473969459534,1.1119229793548584
0.24620205163955688,0.06113682687282562,0.8563352823257446
0.18578889966011047,0.2542441487312317,0.8699581623077393
