2.1062660380266607e-06,-7.607322913827375e-06,0.7375942468643188
0.12665119767189026,-0.04328761249780655,0.7416825294494629
0.19693459570407867,0.07171902060508728,0.4617098271846771
0.12873658537864685,-0.04433566331863403,0.03143495321273804
-0.12665359675884247,0.043277427554130554,0.7334381341934204
-0.08035580813884735,0.17239153385162354,0.47515684366226196
-0.08341015875339508,0.03440934419631958,0.041300177574157715
-0.006706753745675087,-0.005681097507476807,0.9637528657913208
0.037186913192272186,0.019845247268676758,1.2065218687057495
0.10225258767604828,0.08212482929229736,1.247027039527893
0.11548404395580292,0.03288531303405762,1.336639404296875
-0.10791631042957306,0.06351381540298462,1.1917009353637695
-0.32663583755493164,0.18546363711357117,1.2075172662734985
-0.4662814140319824,0.3115483820438385,1.2512843608856201
0.1548970490694046,-0.04753309488296509,1.149590253829956
0.3295930325984955,-0.10207414627075195,1.0619792938232422
0.4474823474884033,-0.07295049726963043,1.0328603982925415
