9.645154932513833e-07,-7.888895197538659e-06,0.7375958561897278
0.11931590735912323,-0.04119476303458214,0.7456381320953369
0.2139529585838318,0.09717842936515808,0.4988475739955902
0.15591564774513245,0.008684337139129639,0.06054455041885376
-0.11931630969047546,0.04118802770972252,0.7294836044311523
-0.06893706321716309,0.19383004307746887,0.4940381944179535
-0.05954765900969505,0.059607505798339844,0.0648847222328186
-0.018523432314395905,0.0009280890226364136,0.9656493663787842
-0.04595651477575302,0.02209225296974182,1.202305555343628
-0.03134249150753021,0.10629048943519592,1.2550249099731445
-0.059690892696380615,0.07041776180267334,1.3313188552856445
-0.16348731517791748,0.07212808728218079,1.1641740798950195
-0.18344533443450928,0.26380282640457153,1.3269202709197998
-0.17386674880981445,0.258040189743042,1.5099151134490967
0.08692210912704468,-0.020557910203933716,1.1778526306152344
0.23186646401882172,0.10248202085494995,1.3527077436447144
0.21926234662532806,0.1301494836807251,1.5346086025238037
