-1.0578314686426893e-06,-6.310929165920243e-06,0.737586498260498
0.12550680339336395,-0.03597000241279602,0.7395932078361511
0.23448817431926727,0.17134180665016174,0.48038771748542786
0.15631265938282013,0.047826528549194336,0.05602395534515381
-0.1255066990852356,0.03596345707774162,0.7355208992958069
-0.06439541280269623,0.2547663152217865,0.4839436113834381
-0.04405352473258972,0.05071455240249634,0.0709998607635498
-0.010498580522835255,-0.0333399623632431,0.9561872482299805
0.03215475380420685,0.028457343578338623,1.1949329376220703
0.06885579973459244,0.09644651412963867,1.271872639656067
0.04398878663778305,0.045431315898895264,1.3620197772979736
-0.08972539752721786,0.06635221838951111,1.1252079010009766
-0.17315250635147095,0.1281096339225769,0.8693421483039856
-0.06175817549228668,0.22723931074142456,0.6925012469291687
0.14393401145935059,-0.022143840789794922,1.1144688129425049
0.2242666780948639,-0.027861937880516052,0.8509870767593384
0.21606998145580292,0.14979228377342224,0.6917808651924133
