1.532486749056261e-06,-8.617564162705094e-06,0.7375863194465637
0.1262959986925125,-0.03617388755083084,0.74378502368927
0.23780059814453125,0.21688050031661987,0.5302159190177917
0.15947318077087402,0.05737483501434326,0.11452078819274902
-0.1262955367565155,0.03616512939333916,0.7313282489776611
-0.04745432734489441,0.29268762469291687,0.5213773250579834
-0.04167840629816055,0.0694040060043335,0.11031371355056763
0.00564730865880847,0.0026899129152297974,0.9590683579444885
0.04561855271458626,0.13340577483177185,1.1722190380096436
0.08702267706394196,0.22025686502456665,1.2194024324417114
0.07273079454898834,0.19329041242599487,1.3311808109283447
-0.07880932092666626,0.15040230751037598,1.0984742641448975
-0.1692042052745819,0.17829298973083496,0.841305673122406
-0.019829988479614258,0.31941673159599304,0.8331785202026367
0.15598653256893158,0.068596750497818,1.1084363460540771
0.2451794296503067,0.027272798120975494,0.8537178635597229
0.21783193945884705,0.24718336760997772,0.8336702585220337
