2.2570302462554537e-06,-7.951690349727869e-06,0.7375941872596741
0.11983276903629303,-0.043547675013542175,0.7416867017745972
0.1927226334810257,0.06477531790733337,0.4634482264518738
0.13620640337467194,-0.03865480422973633,0.03144407272338867
-0.11983451247215271,0.04353849217295647,0.7334358096122742
-0.07887330651283264,0.1784922331571579,0.4708634614944458
-0.07777588814496994,0.05028045177459717,0.03885054588317871
-0.0014712759293615818,-0.01844535768032074,0.9690714478492737
0.006497313734143972,-0.025823622941970825,1.2146323919296265
0.03390542045235634,0.039759695529937744,1.2883548736572266
0.014209072105586529,-0.01857614517211914,1.3521451950073242
-0.12785077095031738,0.023158937692642212,1.1900980472564697
-0.263699471950531,0.17287349700927734,1.3139593601226807
-0.3330126404762268,0.22214996814727783,1.441887378692627
0.13799086213111877,-0.07452258467674255,1.1763267517089844
0.333732008934021,0.0022325515747070312,1.288865089416504
0.38571444153785706,0.014972686767578125,1.4097282886505127
