4.968440407537855e-06,-1.0754061804618686e-05,0.737593948841095
0.12453387677669525,-0.04958821088075638,0.7407657504081726
0.19913387298583984,0.08152250945568085,0.4847925305366516
0.13154128193855286,-0.04075747728347778,0.05612766742706299
-0.12453246116638184,0.04958134517073631,0.7343555092811584
-0.06644988059997559,0.18796981871128082,0.48079589009284973
-0.060770679265260696,0.03517347574234009,0.05352663993835449
0.00685406569391489,-0.0197131484746933,0.9652327299118042
-0.005036689341068268,0.005154281854629517,1.2064604759216309
0.04970553517341614,0.053257644176483154,1.2916841506958008
0.013744976371526718,-0.016207575798034668,1.3553376197814941
-0.12484756112098694,0.06360486149787903,1.134042501449585
-0.18506741523742676,0.1829323172569275,0.9412310123443604
-0.05521969497203827,0.24891254305839539,0.8385535478591919
0.12015555799007416,-0.048303425312042236,1.1859736442565918
0.2849060893058777,0.08734828233718872,1.3212976455688477
0.15081971883773804,0.12499350309371948,1.4620321989059448
