7.419848770950921e-07,-8.607488780398853e-06,0.7375867366790771
0.12490138411521912,-0.03942740708589554,0.7438931465148926
0.24284808337688446,0.24543924629688263,0.5463627576828003
0.16482219099998474,0.08574295043945312,0.1269991397857666
-0.1249004602432251,0.03942045196890831,0.7312226891517639
-0.03514435887336731,0.32602620124816895,0.5436079502105713
-0.03708186000585556,0.10849505662918091,0.13339298963546753
0.005267303436994553,0.017268061637878418,0.9627129435539246
0.05761794000864029,0.16051822900772095,1.166783094406128
0.09563978016376495,0.25901246070861816,1.1909496784210205
0.09537254273891449,0.25583451986312866,1.3067799806594849
-0.07083794474601746,0.1787714958190918,1.1011818647384644
-0.1556142270565033,0.2112867832183838,0.8433613181114197
-0.006561964750289917,0.3542754054069519,0.8780930042266846
0.16840535402297974,0.09330064058303833,1.1044328212738037
0.25567784905433655,0.06955846399068832,0.8441306352615356
0.2042853832244873,0.28192442655563354,0.883378803730011
