2.587355083960574e-06,-9.715204214444384e-06,0.7375896573066711
0.12286126613616943,-0.043015606701374054,0.7423812747001648
0.2376561164855957,0.15257981419563293,0.5530423521995544
0.1347564309835434,-0.029329538345336914,0.17687994241714478
-0.1228623241186142,0.0430094338953495,0.7327342629432678
-0.044199138879776,0.2592947483062744,0.5508053302764893
-0.010911360383033752,0.09315377473831177,0.14784765243530273
-0.008633595891296864,-0.03497287631034851,0.9648581147193909
0.01580911874771118,0.025361299514770508,1.210781216621399
0.0488094687461853,0.09285318851470947,1.295484185218811
0.023165497928857803,0.044908881187438965,1.3895679712295532
-0.10413298010826111,0.06601029634475708,1.137808918952942
-0.15710949897766113,0.13487276434898376,0.872245192527771
-0.04766315221786499,0.2401355504989624,0.9129146337509155
0.13036522269248962,-0.02993762493133545,1.1375997066497803
0.21585994958877563,-0.015800848603248596,0.8765284419059753
0.19130250811576843,0.15184372663497925,0.9208489060401917
