3.9473434298997745e-07,-1.0362760804127902e-05,0.7375932335853577
0.11777949333190918,-0.05009814351797104,0.7439420223236084
0.23903803527355194,0.17930030822753906,0.5317789912223816
0.1510033756494522,0.043894946575164795,0.12422800064086914
-0.11777973175048828,0.05008934065699577,0.7311740517616272
-0.03581388294696808,0.2742505371570587,0.5260105133056641
-0.03529466316103935,0.07976245880126953,0.12543612718582153
0.008477755822241306,0.01499272882938385,0.946524977684021
0.06691679358482361,0.12974050641059875,1.1491901874542236
0.12593767046928406,0.20174691081047058,1.2015058994293213
0.1159946620464325,0.17531609535217285,1.3027952909469604
-0.04960803687572479,0.16537457704544067,1.0909078121185303
-0.12613394856452942,0.21659870445728302,0.8478506803512573
0.0014309585094451904,0.31932947039604187,0.8390360474586487
0.16618654131889343,0.06305775046348572,1.0828036069869995
0.24602214992046356,0.06075935810804367,0.8311920166015625
0.2427196204662323,0.2455165535211563,0.8221554756164551
