-5.951608272880549e-07,-1.0178526281379163e-05,0.7375906705856323
0.12445905804634094,-0.042286232113838196,0.7460126876831055
0.23956260085105896,0.2512894570827484,0.555500864982605
0.16435371339321136,0.09623253345489502,0.14512783288955688
-0.12445780634880066,0.04227730631828308,0.7291061282157898
-0.03966394066810608,0.32756179571151733,0.5531113743782043
-0.03408806771039963,0.11334937810897827,0.14551395177841187
0.01430023554712534,0.0518159419298172,0.9476824402809143
0.06605130434036255,0.22158008813858032,1.1177486181259155
0.10737094283103943,0.32299911975860596,1.1028814315795898
0.11540691554546356,0.35231614112854004,1.2150020599365234
-0.06268726289272308,0.23772475123405457,1.0556657314300537
-0.150967538356781,0.27368995547294617,0.80290687084198
0.008564203977584839,0.4042654037475586,0.8433988094329834
0.17586034536361694,0.1448010802268982,1.0725843906402588
0.26629504561424255,0.09841160476207733,0.8227627277374268
0.2086508870124817,0.31311994791030884,0.8426163196563721
