1.5909909052425064e-06,-8.22310357762035e-06,0.7375862002372742
0.12628623843193054,-0.039701420813798904,0.7450124025344849
0.23176005482673645,0.22929732501506805,0.5350014567375183
0.14493510127067566,0.07107037305831909,0.11939084529876709
-0.12628541886806488,0.039692483842372894,0.7301032543182373
-0.05039554834365845,0.31507307291030884,0.5311435461044312
-0.04011925309896469,0.0842246413230896,0.12177902460098267
0.007498249877244234,0.013671696186065674,0.9606661200523376
0.06900569051504135,0.15032178163528442,1.1654529571533203
0.12358119338750839,0.24051615595817566,1.1967847347259521
0.12471427023410797,0.2285434603691101,1.3118488788604736
-0.058147549629211426,0.17139628529548645,1.0992422103881836
-0.14938881993293762,0.20592331886291504,0.8432097434997559
0.0025588423013687134,0.341258704662323,0.8628511428833008
0.1739959865808487,0.0794954001903534,1.1027617454528809
0.24828001856803894,0.041995368897914886,0.8437598943710327
0.22803664207458496,0.2575255036354065,0.8412533402442932
