1.229872850672109e-06,-8.394337783101946e-06,0.7375869750976562
0.12610207498073578,-0.035696178674697876,0.744171679019928
0.233943372964859,0.24226166307926178,0.5464000701904297
0.16664545238018036,0.08121973276138306,0.13083255290985107
-0.12610194087028503,0.035687245428562164,0.7309436798095703
-0.03872564435005188,0.31722819805145264,0.5451143980026245
-0.04051825404167175,0.10291844606399536,0.1350950002670288
0.009520311839878559,0.016681388020515442,0.9618043303489685
0.059403806924819946,0.15887942910194397,1.161887764930725
0.09653744101524353,0.2633918821811676,1.183053731918335
0.10285632312297821,0.267943799495697,1.2977811098098755
-0.06971949338912964,0.1742115616798401,1.0988972187042236
-0.15782234072685242,0.19895608723163605,0.8420370221138
-0.009672075510025024,0.3459330201148987,0.8617091178894043
0.16990473866462708,0.09137913584709167,1.098015546798706
0.24579477310180664,0.06274430453777313,0.8353098034858704
0.20680919289588928,0.27498435974121094,0.8640507459640503
