8.134284144034609e-07,-8.206594429793768e-06,0.7375870943069458
0.1262216567993164,-0.03932198882102966,0.7436767816543579
0.2350466549396515,0.23154306411743164,0.5323572158813477
0.15091456472873688,0.07364559173583984,0.1168290376663208
-0.12622115015983582,0.03931323066353798,0.7314382791519165
-0.05046948790550232,0.31205466389656067,0.5267123579978943
-0.04584219306707382,0.08459281921386719,0.11686503887176514
0.007424250245094299,0.010239571332931519,0.9615176916122437
0.06718213111162186,0.14717447757720947,1.1658360958099365
0.12394929677248001,0.23490116000175476,1.200644850730896
0.12735457718372345,0.21898818016052246,1.3133869171142578
-0.060782551765441895,0.16880947351455688,1.0996248722076416
-0.15304118394851685,0.20175187289714813,0.8426764607429504
-0.0011518150568008423,0.3442719578742981,0.8691821098327637
0.17314982414245605,0.07587304711341858,1.101083517074585
0.2488524615764618,0.03738179802894592,0.8398246169090271
0.22506816685199738,0.2554989755153656,0.8414102792739868
