2.341032086405903e-06,-1.052062725648284e-05,0.7375880479812622
0.12626871466636658,-0.03759897127747536,0.7426072359085083
0.24239632487297058,0.20457544922828674,0.5232234597206116
0.1679733842611313,0.07778990268707275,0.0949852466583252
-0.1262671798467636,0.03759247064590454,0.7325066328048706
-0.04814504086971283,0.2764204442501068,0.5211912989616394
-0.03640754520893097,0.08564633131027222,0.09847378730773926
-0.004317264072597027,-0.0026234835386276245,0.9606524705886841
0.034988902509212494,0.08860254287719727,1.1921048164367676
0.07523413002490997,0.15570619702339172,1.2649486064910889
0.05935857072472572,0.10587823390960693,1.3606036901474
-0.08528932929039001,0.11885872483253479,1.1256763935089111
-0.14729100465774536,0.18505695462226868,0.8619546890258789
0.0004094317555427551,0.28094252943992615,0.9192705154418945
0.1449236422777176,0.03462761640548706,1.1193017959594727
0.22775210440158844,0.03488541394472122,0.8557114601135254
0.18646565079689026,0.2085689753293991,0.9191834926605225
