3.4229742595925927e-06,-8.572909791837446e-06,0.7375898957252502
0.12497635185718536,-0.051209256052970886,0.7424579858779907
0.2250320315361023,0.13368825614452362,0.4646519124507904
0.14701563119888306,0.03096097707748413,0.03779691457748413
-0.12497802078723907,0.0511985719203949,0.7326632142066956
-0.07115089893341064,0.23433828353881836,0.4784466028213501
-0.07038655877113342,0.05503809452056885,0.05362677574157715
0.005358208902180195,0.02155838906764984,0.9535816311836243
0.07665542513132095,0.10486239194869995,1.1683319807052612
0.14273083209991455,0.1777196228504181,1.195312261581421
0.16274169087409973,0.14725780487060547,1.294884443283081
-0.060473643243312836,0.14772281050682068,1.135276198387146
-0.2542244493961334,0.2202579379081726,0.9771148562431335
-0.3581618070602417,0.3570578098297119,0.8159380555152893
0.177031010389328,0.02081763744354248,1.0960190296173096
0.28239160776138306,-0.08266611397266388,0.8760570287704468
0.40986406803131104,-0.036760635673999786,0.7014322876930237
