9.644400051911362e-07,-7.587335858261213e-06,0.737585723400116
0.12548702955245972,-0.040435269474983215,0.745704710483551
0.24059897661209106,0.24055838584899902,0.532971978187561
0.1608085334300995,0.07740765810012817,0.11925190687179565
-0.12548592686653137,0.0404275543987751,0.7294111847877502
-0.035523563623428345,0.3199836015701294,0.5277374386787415
-0.0358474925160408,0.0910915732383728,0.12465566396713257
0.008914112113416195,0.027527853846549988,0.9598041772842407
0.06445155292749405,0.18106141686439514,1.156864047050476
0.1093733012676239,0.2766912579536438,1.1800336837768555
0.1100786030292511,0.27522099018096924,1.2963522672653198
-0.06300215423107147,0.19996404647827148,1.0909440517425537
-0.15377406775951385,0.23365885019302368,0.8364731073379517
0.00619758665561676,0.37045198678970337,0.8563991189002991
0.17208555340766907,0.10774821043014526,1.0965182781219482
0.26340728998184204,0.0694003477692604,0.8394684791564941
0.22032402455806732,0.2891189157962799,0.8389182090759277
