2.6780135158332996e-06,-7.747126801405102e-06,0.7375852465629578
0.12819017469882965,-0.04001126438379288,0.7457006573677063
0.23430564999580383,0.1747860163450241,0.5044794678688049
0.15244624018669128,0.01996058225631714,0.09078633785247803
-0.12819026410579681,0.04000545293092728,0.7294172644615173
-0.048425331711769104,0.27266085147857666,0.5070685744285583
-0.04845361411571503,0.06634670495986938,0.09529483318328857
-0.012547856196761131,-0.02106599509716034,0.9569454193115234
0.02035428397357464,0.04620051383972168,1.1968376636505127
0.06211963668465614,0.11390578746795654,1.271716833114624
0.05066581070423126,0.06368249654769897,1.3647842407226562
-0.10872229933738708,0.07770717144012451,1.1226246356964111
-0.21923571825027466,0.12830425798892975,0.871401309967041
-0.2220672070980072,0.2680339813232422,0.6877189874649048
0.1392257660627365,-0.008221864700317383,1.123869776725769
0.2622009515762329,-0.01861858367919922,0.8848615884780884
0.3378605544567108,0.12607958912849426,0.7138426303863525
