9.736240826896392e-07,-8.353266821359284e-06,0.7375867962837219
0.12451621890068054,-0.03792734444141388,0.7472785711288452
0.2385960817337036,0.2314779907464981,0.5384026169776917
0.16316521167755127,0.08002430200576782,0.1183401346206665
-0.12451545894145966,0.03791767358779907,0.7278369665145874
-0.043806225061416626,0.309322714805603,0.5308676958084106
-0.035443928092718124,0.09042894840240479,0.11697262525558472
-0.0034066271036863327,0.028692469000816345,0.9595292806625366
0.03199901059269905,0.1788715124130249,1.1611077785491943
0.06539499759674072,0.27982184290885925,1.18528151512146
0.055337488651275635,0.27759844064712524,1.3017116785049438
-0.09010754525661469,0.19065412878990173,1.086761236190796
-0.16109415888786316,0.21228116750717163,0.8214462399482727
-0.015403121709823608,0.34756195545196533,0.8462952971458435
0.14387327432632446,0.11344820261001587,1.1072947978973389
0.24460890889167786,0.07824118435382843,0.8508923649787903
0.2016333043575287,0.2855578660964966,0.8571535348892212
