2.0740999389090575e-06,-9.983345080399886e-06,0.7375879287719727
0.12736427783966064,-0.03344578668475151,0.7425845861434937
0.24252358078956604,0.22976969182491302,0.5408302545547485
0.17826394736766815,0.06960511207580566,0.12529176473617554
-0.12736305594444275,0.033440105617046356,0.7325295805931091
-0.03625355660915375,0.3061639666557312,0.5387786626815796
-0.03365394473075867,0.09959357976913452,0.12637591361999512
-0.0003493682015687227,-0.018708914518356323,0.9648784399032593
0.047695621848106384,0.0780942440032959,1.1949403285980225
0.07937462627887726,0.15618029236793518,1.263332486152649
0.06493275612592697,0.11285334825515747,1.3642469644546509
-0.0768040120601654,0.10158845782279968,1.1253687143325806
-0.14383667707443237,0.14777427911758423,0.8610436320304871
-0.023822754621505737,0.28608712553977966,0.9117898941040039
0.1577150821685791,0.026267200708389282,1.1166653633117676
0.2284875512123108,0.02558109164237976,0.8495933413505554
0.21142226457595825,0.22459228336811066,0.897029459476471
