7.899643605924211e-08,-6.433778253267519e-06,0.7375867962837219
0.13103163242340088,-0.03286246582865715,0.7482084035873413
0.23735256493091583,0.2120155394077301,0.5020154118537903
0.14862379431724548,0.054866135120391846,0.08164525032043457
-0.13103215396404266,0.03285430744290352,0.7269082069396973
-0.0636172741651535,0.28702929615974426,0.516305685043335
-0.04767058044672012,0.07223832607269287,0.09834712743759155
-0.007578540593385696,0.029675856232643127,0.9548816084861755
0.017565444111824036,0.15770602226257324,1.1680243015289307
0.039374470710754395,0.24739432334899902,1.2102162837982178
0.03666947782039642,0.2249695062637329,1.321157693862915
-0.11514917016029358,0.16874665021896362,1.1007132530212402
-0.25901713967323303,0.19688540697097778,0.8725368976593018
-0.3119509220123291,0.3229822516441345,0.6644259691238403
0.1435874104499817,0.09545159339904785,1.1098231077194214
0.30027908086776733,0.027539268136024475,0.8919032216072083
0.3822838068008423,0.14822669327259064,0.7057188749313354
