2.2338931557897013e-06,-9.515619240119122e-06,0.7375903129577637
0.1243571788072586,-0.040308430790901184,0.742323637008667
0.2359621524810791,0.16484335064888,0.5479103326797485
0.13172048330307007,-0.020641803741455078,0.17023837566375732
-0.1243581473827362,0.04030179604887962,0.7327921986579895
-0.04505495727062225,0.274543821811676,0.5484579205513
-0.01907489076256752,0.10148471593856812,0.1460387110710144
-0.006276881787925959,-0.03755922615528107,0.9635744690895081
0.023930294439196587,0.025920182466506958,1.2091858386993408
0.05724621191620827,0.09642654657363892,1.2906303405761719
0.034305863082408905,0.04466325044631958,1.3852897882461548
-0.09712401032447815,0.06335058808326721,1.1395232677459717
-0.1574750542640686,0.13367512822151184,0.8765971064567566
-0.04593677818775177,0.24885353446006775,0.9261960983276367
0.13715960085391998,-0.02587348222732544,1.1325883865356445
0.2175452709197998,-0.00482621043920517,0.8686196804046631
0.20096950232982635,0.16420580446720123,0.9204690456390381
