7.14504949428374e-07,-7.912880391813815e-06,0.7375840544700623
0.12446898221969604,-0.03903678432106972,0.7437052726745605
0.24153737723827362,0.23645740747451782,0.5426260828971863
0.16012930870056152,0.05903065204620361,0.13310706615447998
-0.12446729838848114,0.03903038427233696,0.7314115762710571
-0.03410245478153229,0.31741708517074585,0.5430299043655396
-0.029997289180755615,0.09934371709823608,0.13617968559265137
0.008296437561511993,0.027236968278884888,0.9577879309654236
0.06483011692762375,0.16121286153793335,1.16366446018219
0.1053384393453598,0.25399303436279297,1.1991238594055176
0.10668595880270004,0.23667144775390625,1.3135974407196045
-0.06486588716506958,0.18096214532852173,1.100937008857727
-0.15169787406921387,0.21088828146457672,0.8453376889228821
-0.004580333828926086,0.35782694816589355,0.8604052066802979
0.17548853158950806,0.09667673707008362,1.0991032123565674
0.26023775339126587,0.08651290833950043,0.8403899073600769
0.20730632543563843,0.2868178188800812,0.8607143759727478
