9.67112100624945e-07,-7.86656528362073e-06,0.737586498260498
0.12531614303588867,-0.0400514081120491,0.7461996674537659
0.24328432977199554,0.2310040146112442,0.5375387668609619
0.16154354810714722,0.0830804705619812,0.11904430389404297
-0.12531468272209167,0.04004242271184921,0.7289159297943115
-0.04352344572544098,0.31173133850097656,0.5329195261001587
-0.03552370145916939,0.08325505256652832,0.125676691532135
0.0016818437725305557,0.020447582006454468,0.961820125579834
0.051971010863780975,0.16633528470993042,1.1622767448425293
0.10440390557050705,0.2631709575653076,1.1836172342300415
0.1066809594631195,0.2631183862686157,1.3000853061676025
-0.07365384697914124,0.1871429681777954,1.0909957885742188
-0.16042238473892212,0.2210242599248886,0.8321913480758667
-0.005706280469894409,0.36632946133613586,0.8533188104629517
0.15941542387008667,0.09220895171165466,1.105340838432312
0.2456449568271637,0.049009986221790314,0.8469195365905762
0.21345922350883484,0.2686980664730072,0.8488287925720215
