2.0923234842484817e-06,-8.824896212900057e-06,0.7375867962837219
0.12724518775939941,-0.0357159823179245,0.7455023527145386
0.23872195184230804,0.22828249633312225,0.5392457246780396
0.1619999259710312,0.05878615379333496,0.12537962198257446
-0.1272447109222412,0.03570801019668579,0.7296112775802612
-0.04419270157814026,0.30528947710990906,0.5293184518814087
-0.038512662053108215,0.08539670705795288,0.11902475357055664
0.001309739425778389,0.004775747656822205,0.9604421257972717
0.035796698182821274,0.13524207472801208,1.1737316846847534
0.07142436504364014,0.2254098653793335,1.2206984758377075
0.05564629286527634,0.20236754417419434,1.3338923454284668
-0.08802461624145508,0.15226495265960693,1.0987663269042969
-0.16460531949996948,0.1881459802389145,0.8366720080375671
-0.014139339327812195,0.32119107246398926,0.8496299982070923
0.14823459088802338,0.0721854567527771,1.1109604835510254
0.23884762823581696,0.04248955845832825,0.8540979623794556
0.20055505633354187,0.2556787431240082,0.8530160188674927
