3.146653398289345e-06,-9.89713407761883e-06,0.7375894784927368
0.12249083817005157,-0.04297466576099396,0.7429980039596558
0.23433911800384521,0.15613187849521637,0.5573458671569824
0.12689520418643951,-0.026630759239196777,0.17717283964157104
-0.12249119579792023,0.04296904057264328,0.7321171760559082
-0.04482223093509674,0.2634759247303009,0.5558348298072815
-0.013530232012271881,0.09684386849403381,0.15013933181762695
-0.009491678327322006,-0.034701913595199585,0.9647189378738403
0.01580139249563217,0.02395474910736084,1.2110505104064941
0.04721556976437569,0.09389322996139526,1.2928919792175293
0.023306215181946754,0.046448588371276855,1.3888776302337646
-0.10333481431007385,0.064910888671875,1.137596845626831
-0.1536225974559784,0.13473346829414368,0.87178635597229
-0.04468448460102081,0.23604469001293182,0.9298110604286194
0.129571795463562,-0.030750572681427002,1.1378393173217773
0.215520441532135,-0.015369728207588196,0.8761277794837952
0.19084252417087555,0.15253695845603943,0.9258770942687988
