1.2519512893049978e-06,-8.04913361207582e-06,0.737587034702301
0.1262219250202179,-0.03820614144206047,0.7441602349281311
0.23452650010585785,0.23195035755634308,0.5343728065490723
0.15216612815856934,0.07323896884918213,0.1174083948135376
-0.12622129917144775,0.03819740563631058,0.7309541702270508
-0.05188174545764923,0.31200119853019714,0.5272000432014465
-0.04733598977327347,0.0814809799194336,0.11797916889190674
0.005955034866929054,0.009727388620376587,0.9616910219192505
0.05602530390024185,0.15310537815093994,1.1651917695999146
0.1012900322675705,0.25004512071609497,1.1948388814926147
0.10026414692401886,0.23914730548858643,1.3113077878952026
-0.07082465291023254,0.17053040862083435,1.095002293586731
-0.15689504146575928,0.20083999633789062,0.8360830545425415
-0.003638744354248047,0.3440974950790405,0.8575370907783508
0.1656297743320465,0.08400118350982666,1.1045606136322021
0.2490444928407669,0.0413917601108551,0.8475890159606934
0.22283299267292023,0.2621575593948364,0.8431742191314697
