2.3129200599214528e-06,-8.506513040629216e-06,0.7375862002372742
0.1269337683916092,-0.03604172170162201,0.7464408874511719
0.23421800136566162,0.2292301058769226,0.5473708510398865
0.1549789160490036,0.05756288766860962,0.13412988185882568
-0.1269330382347107,0.03603353351354599,0.7286731600761414
-0.046232447028160095,0.3084770143032074,0.5393886566162109
-0.03911067545413971,0.08897536993026733,0.1293550729751587
-0.002774498425424099,0.005360722541809082,0.9613623023033142
0.0315442755818367,0.13904023170471191,1.172135829925537
0.06662030518054962,0.23491564393043518,1.2134250402450562
0.053817298263311386,0.21733415126800537,1.3284509181976318
-0.0926310122013092,0.15470334887504578,1.0973284244537354
-0.16763535141944885,0.18929123878479004,0.8340015411376953
-0.015987500548362732,0.3259250521659851,0.8487643599510193
0.1441974639892578,0.07596153020858765,1.112540602684021
0.23696348071098328,0.04465903341770172,0.8561581969261169
0.19564169645309448,0.2588503658771515,0.8540860414505005
