2.0730303731397726e-06,-9.99883923213929e-06,0.7375879883766174
0.12741652131080627,-0.03362777456641197,0.7427965998649597
0.24298354983329773,0.22708088159561157,0.5403255820274353
0.17965012788772583,0.06923919916152954,0.12376326322555542
-0.12741529941558838,0.0336218923330307,0.7323174476623535
-0.03538374602794647,0.3032861649990082,0.5372582674026489
-0.032853566110134125,0.09920048713684082,0.124134361743927
-0.0008093721698969603,-0.019287973642349243,0.9644116163253784
0.046428877860307693,0.0765441358089447,1.194942831993103
0.07845058292150497,0.15301945805549622,1.2646613121032715
0.06320532411336899,0.10934066772460938,1.364978313446045
-0.07778670638799667,0.10034933686256409,1.1245273351669312
-0.14383557438850403,0.14616554975509644,0.8602030277252197
-0.024595946073532104,0.28368520736694336,0.9139398336410522
0.1565646380186081,0.024632543325424194,1.117003083229065
0.2278299331665039,0.022683747112751007,0.8503236174583435
0.21177253127098083,0.22176247835159302,0.8974772691726685
