3.0600222089560702e-06,-7.041609933366999e-06,0.7375932931900024
0.12404963374137878,-0.04393686354160309,0.7419795393943787
0.18620064854621887,0.05541309714317322,0.44823944568634033
0.12385697662830353,-0.05524343252182007,0.01788318157196045
-0.12405161559581757,0.04392773658037186,0.7331417798995972
-0.08819502592086792,0.15949678421020508,0.45818302035331726
-0.08730670064687729,0.02194535732269287,0.02659428119659424
-0.007518627680838108,-0.012148603796958923,0.965750515460968
0.023844145238399506,-0.008993208408355713,1.2139065265655518
0.08363206684589386,0.045687854290008545,1.274541974067688
0.07952961325645447,-0.010471820831298828,1.351405143737793
-0.11963474750518799,0.03822779655456543,1.1953837871551514
-0.30951493978500366,0.16471266746520996,1.2408688068389893
-0.41634923219680786,0.27956074476242065,1.3221088647842407
0.1477351188659668,-0.0675661563873291,1.1611655950546265
0.3430551588535309,-0.06125420331954956,1.1468467712402344
0.45730024576187134,-0.024669498205184937,1.177903413772583
