1.6420863175881095e-06,-8.641687600174919e-06,0.7375869750976562
0.12639787793159485,-0.0370502769947052,0.7446616291999817
0.23884239792823792,0.2339477837085724,0.5420311689376831
0.1655234545469284,0.07876229286193848,0.12648391723632812
-0.12639760971069336,0.03704145550727844,0.7304537296295166
-0.040499746799468994,0.31440359354019165,0.5427277088165283
-0.042885921895504,0.09923553466796875,0.13309311866760254
0.006726999767124653,0.014519453048706055,0.9616215229034424
0.054732874035835266,0.15615835785865784,1.1628984212875366
0.09150679409503937,0.2581442892551422,1.186554193496704
0.09395833313465118,0.25847327709198,1.3018823862075806
-0.07344873249530792,0.17323362827301025,1.0981731414794922
-0.15527527034282684,0.20199832320213318,0.8387564420700073
-0.007552355527877808,0.3468954861164093,0.86998450756073
0.1658034324645996,0.08857622742652893,1.1006261110305786
0.2406705915927887,0.06178395450115204,0.8379393815994263
0.2055199146270752,0.2720836102962494,0.868450403213501
