1.4147994988888968e-06,-9.847432011156343e-06,0.7375884652137756
0.12698230147361755,-0.03441820293664932,0.7416386604309082
0.2424897849559784,0.2168363779783249,0.5345565676689148
0.1781322956085205,0.06709933280944824,0.1150103211402893
-0.12698116898536682,0.034411970525979996,0.7334750294685364
-0.0471944659948349,0.29236817359924316,0.5295847654342651
-0.03997071087360382,0.09448522329330444,0.11317920684814453
-0.001150917960330844,-0.02231578528881073,0.9636517763137817
0.03701431304216385,0.07020410895347595,1.196105718612671
0.07106396555900574,0.14092648029327393,1.2688491344451904
0.050685301423072815,0.09226679801940918,1.3629456758499146
-0.08523344993591309,0.0944085419178009,1.1238949298858643
-0.15210716426372528,0.13824763894081116,0.8583645224571228
-0.029595643281936646,0.26565632224082947,0.9102938175201416
0.14841340482234955,0.017188072204589844,1.121391773223877
0.2266714870929718,0.009418055415153503,0.857144832611084
0.20768608152866364,0.20352452993392944,0.8893011212348938
