-5.728220457967836e-07,-6.309190212050453e-06,0.7375856637954712
0.12618935108184814,-0.035423435270786285,0.7418252825737
0.2224978804588318,0.1641375720500946,0.4697502851486206
0.14932632446289062,0.04798001050949097,0.042202651500701904
-0.12618876993656158,0.03541584685444832,0.73329097032547
-0.0725727379322052,0.2517155408859253,0.47448286414146423
-0.054114699363708496,0.049019694328308105,0.060468077659606934
-0.013689319603145123,-0.010047003626823425,0.9573375582695007
0.039618320763111115,0.06192910671234131,1.1909323930740356
0.08711066842079163,0.13091278076171875,1.257225513458252
0.07844340801239014,0.08222121000289917,1.3537551164627075
-0.08557151257991791,0.09672543406486511,1.124699592590332
-0.17695629596710205,0.14191347360610962,0.8711257576942444
-0.06914065778255463,0.22721081972122192,0.6892115473747253
0.15101908147335052,0.009287387132644653,1.112434983253479
0.2305142879486084,0.00801500678062439,0.8543599247932434
0.21401898562908173,0.18246889114379883,0.7069658041000366
