2.059514372376725e-06,-8.487075319862925e-06,0.7375856637954712
0.12640482187271118,-0.037513233721256256,0.7468144297599792
0.23910871148109436,0.229951411485672,0.5383771061897278
0.16136524081230164,0.06926369667053223,0.11727511882781982
-0.1264043003320694,0.037504538893699646,0.7283004522323608
-0.04411648213863373,0.3142399191856384,0.5307556390762329
-0.03420387953519821,0.09532296657562256,0.11628186702728271
-0.0019758231937885284,0.017646372318267822,0.9625734090805054
0.030574075877666473,0.16225376725196838,1.1690564155578613
0.05904129147529602,0.26096129417419434,1.200209379196167
0.045791275799274445,0.2534366250038147,1.3159078359603882
-0.09179863333702087,0.17446690797805786,1.0951647758483887
-0.15927541255950928,0.19561734795570374,0.8292556405067444
-0.014639556407928467,0.33204135298728943,0.8547012805938721
0.14391188323497772,0.09850767254829407,1.114388108253479
0.24320004880428314,0.06561563909053802,0.8564249873161316
0.20595106482505798,0.27418339252471924,0.8635531663894653
