7.432483926095301e-07,-7.039252523100004e-06,0.7375857830047607
0.12392085790634155,-0.03839337080717087,0.7452029585838318
0.2323753982782364,0.21545922756195068,0.5224545001983643
0.14562028646469116,0.05413025617599487,0.11230438947677612
-0.12392063438892365,0.03838301822543144,0.7299139499664307
-0.05016025900840759,0.3027646243572235,0.5225394368171692
-0.041612137109041214,0.08665698766708374,0.11544269323348999
0.011324428021907806,0.05106353759765625,0.9505917429924011
0.054896965622901917,0.22060546278953552,1.1293593645095825
0.09110352396965027,0.3231300115585327,1.1307315826416016
0.08970126509666443,0.34328413009643555,1.2432236671447754
-0.0718621164560318,0.23036342859268188,1.0621070861816406
-0.15644574165344238,0.23612043261528015,0.8039245009422302
0.007170155644416809,0.3670714199542999,0.8133455514907837
0.16559208929538727,0.1461661458015442,1.082519292831421
0.2574990689754486,0.08667696267366409,0.832776665687561
0.2054138034582138,0.30012932419776917,0.8209964036941528
