3.6970159271731973e-06,-1.0028839824371971e-05,0.7375891208648682
0.12254449725151062,-0.042794257402420044,0.7430360913276672
0.23203782737255096,0.15218274295330048,0.5547826886177063
0.12867474555969238,-0.02827286720275879,0.17025494575500488
-0.12254460155963898,0.042788781225681305,0.7320789098739624
-0.04246184229850769,0.25818660855293274,0.551430881023407
-0.013319399207830429,0.09655952453613281,0.14166778326034546
-0.007508559618145227,-0.03495851159095764,0.9648790955543518
0.01649349182844162,0.024339258670806885,1.2113637924194336
0.046417511999607086,0.09369635581970215,1.2932755947113037
0.02152879536151886,0.047371089458465576,1.389076590538025
-0.10237206518650055,0.06357559561729431,1.1372137069702148
-0.1554614007472992,0.1319776177406311,0.8712753057479858
-0.047242820262908936,0.2356450855731964,0.9304814338684082
0.13097213208675385,-0.02922111749649048,1.1386866569519043
0.21774299442768097,-0.014339223504066467,0.8769885301589966
0.19097501039505005,0.15510252118110657,0.9248368740081787
