1.3086278158880305e-06,-9.387187674292363e-06,0.7375873327255249
0.1271919459104538,-0.03512062504887581,0.7426447868347168
0.24018709361553192,0.2236780822277069,0.5441612601280212
0.16972874104976654,0.061756670475006104,0.12826937437057495
-0.1271914541721344,0.03511347621679306,0.7324687838554382
-0.03976023197174072,0.30221831798553467,0.5388277173042297
-0.03603573143482208,0.0943564772605896,0.12479740381240845
0.0013630245812237263,-0.019214406609535217,0.9627215266227722
0.038573361933231354,0.08571493625640869,1.1887948513031006
0.07240121811628342,0.16685566306114197,1.2516589164733887
0.0551014319062233,0.12754005193710327,1.35382878780365
-0.08524207770824432,0.10742601752281189,1.1185983419418335
-0.1590796709060669,0.14361776411533356,0.8567698001861572
-0.028592213988304138,0.28224918246269226,0.8904812335968018
0.14996770024299622,0.02881908416748047,1.1171019077301025
0.22773286700248718,0.013433888554573059,0.8533281087875366
0.20653991401195526,0.2149401605129242,0.8889466524124146
