2.1836499399796594e-06,-8.262482879217714e-06,0.737586498260498
0.12490180134773254,-0.03739265725016594,0.7451981902122498
0.23655574023723602,0.22468475997447968,0.5361652970314026
0.1562546193599701,0.04695814847946167,0.1271079182624817
-0.12490163743495941,0.03738230839371681,0.7299166917800903
-0.04339668154716492,0.3062879741191864,0.5361741781234741
-0.04186180233955383,0.09100627899169922,0.12500274181365967
0.00621968787163496,0.027252256870269775,0.9544617533683777
0.04908997565507889,0.17638221383094788,1.149926781654358
0.087572380900383,0.2747419476509094,1.1761667728424072
0.08434008061885834,0.2667374014854431,1.289277195930481
-0.07655221223831177,0.1902114748954773,1.0819916725158691
-0.15748122334480286,0.20749633014202118,0.8240338563919067
-0.0050133466720581055,0.34829503297805786,0.8340684771537781
0.16034413874149323,0.10932651162147522,1.0918707847595215
0.24708394706249237,0.07162091881036758,0.837360143661499
0.19975529611110687,0.28072476387023926,0.8452187776565552
