1.802589395083487e-06,-8.943901775637642e-06,0.7375881671905518
0.12653881311416626,-0.03893957659602165,0.7440970540046692
0.24435466527938843,0.23434840142726898,0.5383903384208679
0.17461353540420532,0.07659196853637695,0.12094974517822266
-0.12653815746307373,0.038931310176849365,0.73101806640625
-0.03619439899921417,0.3137570321559906,0.5369277596473694
-0.04098495841026306,0.09951251745223999,0.12454724311828613
0.004303517751395702,0.002973020076751709,0.9635133147239685
0.05033012107014656,0.12226879596710205,1.176470160484314
0.08854151517152786,0.21650248765945435,1.2152459621429443
0.08563278615474701,0.20446175336837769,1.3298759460449219
-0.07594206929206848,0.14585331082344055,1.1104142665863037
-0.1513856053352356,0.1820497363805771,0.846085786819458
-0.013482600450515747,0.3320813775062561,0.8844438791275024
0.16123972833156586,0.0569932758808136,1.1108882427215576
0.23861625790596008,0.03809133172035217,0.8435262441635132
0.20613878965377808,0.2484019249677658,0.8786790370941162
