1.0042208486993331e-06,-8.053359124460258e-06,0.7375859022140503
0.1258508563041687,-0.0397176556289196,0.7450743317604065
0.24158427119255066,0.25374215841293335,0.5519558191299438
0.1663179099559784,0.08979594707489014,0.1367223858833313
-0.12584954500198364,0.03971073031425476,0.7300420999526978
-0.03122180700302124,0.33277684450149536,0.5505305528640747
-0.03485013172030449,0.11239182949066162,0.14501464366912842
0.008924505673348904,0.023087278008461,0.9615551829338074
0.06420737504959106,0.17315822839736938,1.1591551303863525
0.10437020659446716,0.27604711055755615,1.1766799688339233
0.10758092999458313,0.2810821831226349,1.2927494049072266
-0.06527817249298096,0.1921202838420868,1.0927783250808716
-0.15394341945648193,0.22487713396549225,0.8369603157043457
0.0006033480167388916,0.3684583902359009,0.874068021774292
0.1737598031759262,0.10023000836372375,1.0996711254119873
0.2552722990512848,0.06405947357416153,0.840393602848053
0.2229016274213791,0.28269505500793457,0.8599251508712769
