2.7235864763497375e-06,-9.618055628379807e-06,0.7375895977020264
0.12341184914112091,-0.04276873543858528,0.7420369982719421
0.2361190915107727,0.14479182660579681,0.5503509640693665
0.1350957155227661,-0.029175162315368652,0.16816991567611694
-0.12341234087944031,0.042762771248817444,0.7330783009529114
-0.04674600064754486,0.2511052191257477,0.54954594373703
-0.008343115448951721,0.08752268552780151,0.14437466859817505
-0.00792517326772213,-0.03624604642391205,0.9646662473678589
0.018772777169942856,0.021680057048797607,1.2104727029800415
0.05124945566058159,0.08939927816390991,1.294616937637329
0.024293992668390274,0.04189777374267578,1.3888349533081055
-0.10183835029602051,0.06152999401092529,1.1380616426467896
-0.15655575692653656,0.12975940108299255,0.8732349276542664
-0.050663724541664124,0.23522105813026428,0.9207068681716919
0.13373622298240662,-0.032223135232925415,1.1359834671020508
0.21840298175811768,-0.017970010638237,0.8745729923248291
0.19341954588890076,0.15157321095466614,0.9230295419692993
