9.292407412431203e-07,-9.700645023258403e-06,0.7375874519348145
0.12695175409317017,-0.033596642315387726,0.7430058121681213
0.23524877429008484,0.2108496129512787,0.5358399748802185
0.15962471067905426,0.04117816686630249,0.12159442901611328
-0.12695130705833435,0.03358866274356842,0.7321079969406128
-0.051113054156303406,0.2884068489074707,0.5305507779121399
-0.045328255742788315,0.07660019397735596,0.1180230975151062
-0.0011170327197760344,-0.012914508581161499,0.961823582649231
0.03525209426879883,0.08794385194778442,1.1879216432571411
0.06666354835033417,0.16713401675224304,1.2535916566848755
0.04895057529211044,0.12095111608505249,1.3518387079238892
-0.08769690990447998,0.10799428820610046,1.1184749603271484
-0.1628982424736023,0.14307567477226257,0.8578458428382874
-0.028131604194641113,0.27353164553642273,0.8841718435287476
0.14752987027168274,0.03618118166923523,1.1167083978652954
0.2293166071176529,0.0253773033618927,0.8564326763153076
0.18840408325195312,0.2168945074081421,0.8947124481201172
