1.8805917534336913e-06,-8.597538908361457e-06,0.7375865578651428
0.12266376614570618,-0.039584603160619736,0.7424691319465637
0.24613475799560547,0.22015531361103058,0.5385819673538208
0.173139750957489,0.07787787914276123,0.11539709568023682
-0.12266385555267334,0.039575763046741486,0.7326460480690002
-0.038621798157691956,0.29000017046928406,0.5300657153129578
-0.046099692583084106,0.07566136121749878,0.1169133186340332
0.010137275792658329,0.016512587666511536,0.9601157903671265
0.03916235640645027,0.12518376111984253,1.1861028671264648
0.07572615146636963,0.20962047576904297,1.2358996868133545
0.053272537887096405,0.18098032474517822,1.3479061126708984
-0.08214232325553894,0.1445126235485077,1.1136127710342407
-0.1604832410812378,0.16821178793907166,0.8508338928222656
-0.02805313467979431,0.2870832085609436,0.8759101033210754
0.1511661857366562,0.06749996542930603,1.122939944267273
0.23980170488357544,0.05655446648597717,0.8653483390808105
0.16538523137569427,0.251318097114563,0.8979008197784424
