-4.109233486815356e-08,-6.175669113872573e-06,0.7375862002372742
0.12591764330863953,-0.034305669367313385,0.7411219477653503
0.22250482439994812,0.17009948194026947,0.4707619249820709
0.14986291527748108,0.061524033546447754,0.042145729064941406
-0.1259172409772873,0.034297335892915726,0.7339943051338196
-0.07500477135181427,0.24936172366142273,0.47317051887512207
-0.05447596311569214,0.05057358741760254,0.057213425636291504
-0.014277893118560314,-0.01066713035106659,0.9571194648742676
0.03334374353289604,0.0653676986694336,1.189271330833435
0.0806088000535965,0.1372743546962738,1.252194881439209
0.06885228306055069,0.09539026021957397,1.352400302886963
-0.09010462462902069,0.09879499673843384,1.1207911968231201
-0.17987343668937683,0.14439335465431213,0.8656017184257507
-0.07256411015987396,0.2234693169593811,0.6831478476524353
0.1444288045167923,0.01065775752067566,1.1136367321014404
0.2238231897354126,0.0010628104209899902,0.8544987440109253
0.2161402702331543,0.16995197534561157,0.6998507976531982
