2.1396476768131834e-06,-8.832266757963225e-06,0.7375872135162354
0.12711134552955627,-0.034611161798238754,0.7449570894241333
0.23373696208000183,0.22308199107646942,0.5398321151733398
0.15827322006225586,0.05162113904953003,0.12679338455200195
-0.12711094319820404,0.034603141248226166,0.7301566004753113
-0.046407654881477356,0.3018186092376709,0.5335850119590759
-0.04240088164806366,0.08803004026412964,0.123562753200531
-0.0020195157267153263,-0.0031295716762542725,0.9618454575538635
0.03310035169124603,0.11811286211013794,1.1794120073318481
0.06839187443256378,0.20882630348205566,1.2313296794891357
0.055974602699279785,0.180982768535614,1.3411118984222412
-0.09150171279907227,0.1355510950088501,1.1064800024032593
-0.1617482304573059,0.16540201008319855,0.8432385921478271
-0.026310399174690247,0.307707816362381,0.8690518140792847
0.146005317568779,0.05776745080947876,1.1137672662734985
0.23053382337093353,0.032480135560035706,0.8538908958435059
0.2033798098564148,0.24257604777812958,0.8753684163093567
