1.3079829841444734e-06,-9.321691322838888e-06,0.7375884652137756
0.12442085146903992,-0.03949359431862831,0.743915855884552
0.23620453476905823,0.21001145243644714,0.5488652586936951
0.15626290440559387,0.0326465368270874,0.13557684421539307
-0.12441843748092651,0.03948894888162613,0.7312010526657104
-0.04389652609825134,0.2922658920288086,0.544547438621521
-0.04156104102730751,0.08044207096099854,0.12910014390945435
0.007183291018009186,-0.008201569318771362,0.9618013501167297
0.0474974550306797,0.07546240091323853,1.1942836046218872
0.10395120084285736,0.1425296664237976,1.256112813949585
0.09277021884918213,0.09477245807647705,1.3551979064941406
-0.07563372701406479,0.11110645532608032,1.1234403848648071
-0.158993661403656,0.1800205111503601,0.8695177435874939
-0.02142396569252014,0.31368833780288696,0.8691641092300415
0.16456866264343262,0.01921907067298889,1.140578269958496
0.3321790397167206,0.09601002931594849,0.9517542123794556
0.23462533950805664,0.2388722002506256,1.0919075012207031
