1.6772582966950722e-07,-8.960407285485417e-06,0.7375879883766174
0.12476201355457306,-0.040554895997047424,0.7465956211090088
0.2357170283794403,0.23991237580776215,0.5333212614059448
0.16061078011989594,0.06917661428451538,0.12548381090164185
-0.12476135790348053,0.04054441303014755,0.7285224199295044
-0.03903129696846008,0.31724369525909424,0.534134030342102
-0.03547145426273346,0.10252058506011963,0.1295720934867859
0.011138275265693665,0.06675773859024048,0.9415258765220642
0.0661146268248558,0.24291539192199707,1.105003833770752
0.10609203577041626,0.3458656072616577,1.096116542816162
0.11822224408388138,0.37134072184562683,1.2090238332748413
-0.06393067538738251,0.255570650100708,1.0460880994796753
-0.14972715079784393,0.26485389471054077,0.79360431432724
0.011090829968452454,0.40210843086242676,0.8059729337692261
0.17606449127197266,0.16596239805221558,1.055802583694458
0.25554466247558594,0.11180558055639267,0.801585853099823
0.19954808056354523,0.3173058032989502,0.8057156801223755
