1.8560785974841565e-06,-9.17352008400485e-06,0.7375994324684143
0.12909063696861267,-0.04487256705760956,0.7402088642120361
0.20122095942497253,0.08492229878902435,0.4692195653915405
0.14132243394851685,-0.006637096405029297,0.03710496425628662
-0.1290934681892395,0.044861145317554474,0.7349126935005188
-0.0785253494977951,0.18153727054595947,0.486405611038208
-0.08564804494380951,0.04351717233657837,0.053910255432128906
0.007419522386044264,0.0023179203271865845,0.9606523513793945
0.07110457122325897,0.038315922021865845,1.18961763381958
0.14587779343128204,0.11228972673416138,1.208449125289917
0.1719309240579605,0.07728207111358643,1.2957532405853271
-0.07325959950685501,0.0811457633972168,1.1826411485671997
-0.244526207447052,0.19559210538864136,1.2266548871994019
-0.32626020908355713,0.3071966767311096,1.3271013498306274
0.18276287615299225,-0.027713686227798462,1.1333223581314087
0.32073256373405457,-0.051332950592041016,1.0820703506469727
0.4217921495437622,0.0140133798122406,1.135724425315857
