-2.7643286557577085e-06,-1.0240339179290459e-05,0.7375927567481995
0.13085711002349854,-0.037323594093322754,0.7425695657730103
0.22129803895950317,0.19309115409851074,0.5371575355529785
0.14392779767513275,0.04071301221847534,0.12350130081176758
-0.1308581531047821,0.03731365129351616,0.7325478196144104
-0.052516788244247437,0.2719663977622986,0.5460265278816223
-0.04620775580406189,0.07681387662887573,0.13258397579193115
-0.007303160615265369,-0.0029354840517044067,0.9480648636817932
0.024942662566900253,0.09041249752044678,1.1681747436523438
0.049875613301992416,0.16780579090118408,1.234803557395935
0.03599029779434204,0.12369483709335327,1.3248112201690674
-0.10223518311977386,0.12137150764465332,1.1074988842010498
-0.15958844125270844,0.20914795994758606,0.8629741668701172
-0.043725550174713135,0.3328944444656372,0.8492603302001953
0.14514677226543427,0.038428276777267456,1.102144479751587
0.25847047567367554,0.051096007227897644,0.8491191267967224
0.23347707092761993,0.23345588147640228,0.8672609329223633
