2.8908043532283045e-06,-7.760922017041594e-06,0.7375959157943726
0.12432941794395447,-0.03861434385180473,0.7407501935958862
0.20786981284618378,0.09777703881263733,0.4839181900024414
0.148563414812088,0.0006020069122314453,0.047740936279296875
-0.12433129549026489,0.03860538452863693,0.7343714833259583
-0.08076280355453491,0.20708195865154266,0.49593615531921387
-0.06473547220230103,0.08425474166870117,0.0683097243309021
-0.003587808459997177,-0.011358052492141724,0.9660601019859314
-0.008599894121289253,-0.0036469101905822754,1.2073665857315063
-0.001589398831129074,0.07454675436019897,1.2684404850006104
-0.030274897813796997,0.02913045883178711,1.338509202003479
-0.14362871646881104,0.039889007806777954,1.1790196895599365
-0.2526516318321228,0.2151004672050476,1.2808501720428467
-0.28386199474334717,0.25300008058547974,1.3813525438308716
0.12946632504463196,-0.040666013956069946,1.1742820739746094
0.28340059518814087,0.08228778839111328,1.2916439771652222
0.27021774649620056,0.07906705141067505,1.418881893157959
