9.055902410182171e-07,-8.435103154624812e-06,0.7375849485397339
0.12451088428497314,-0.03947294503450394,0.7428993582725525
0.24001680314540863,0.22812561690807343,0.5428730249404907
0.15747733414173126,0.04240858554840088,0.13638216257095337
-0.12450942397117615,0.03946657478809357,0.732217013835907
-0.0376211553812027,0.30872297286987305,0.5398791432380676
-0.03669176250696182,0.09116625785827637,0.1313410997390747
0.009324914775788784,0.013290196657180786,0.9596787691116333
0.06714922189712524,0.12902146577835083,1.1767778396606445
0.11290896683931351,0.21060198545455933,1.2283966541290283
0.10605060309171677,0.17614585161209106,1.33736252784729
-0.06142345070838928,0.15354499220848083,1.1129136085510254
-0.15619872510433197,0.1933738887310028,0.8617185950279236
-0.01401682198047638,0.3431210219860077,0.8650773167610168
0.177028626203537,0.06737825274467468,1.1086339950561523
0.2627527713775635,0.06907489150762558,0.8518695831298828
0.21363498270511627,0.26711857318878174,0.8815881609916687
