2.876151484088041e-06,-8.539085683878511e-06,0.7375866770744324
0.12682360410690308,-0.035956986248493195,0.7461925745010376
0.23581859469413757,0.22993427515029907,0.5438188314437866
0.1595958173274994,0.061112403869628906,0.13024961948394775
-0.1268233358860016,0.03594803810119629,0.7289221882820129
-0.044583454728126526,0.3091651499271393,0.5417154431343079
-0.03844849765300751,0.09576541185379028,0.1316826343536377
0.0004658615216612816,0.012461543083190918,0.9604825973510742
0.03872671723365784,0.1485232710838318,1.167795181274414
0.07622607052326202,0.24618980288505554,1.203911542892456
0.06983362883329391,0.23407787084579468,1.316171646118164
-0.08716639876365662,0.1651398241519928,1.0970321893692017
-0.1606045663356781,0.19180768728256226,0.8345487117767334
-0.016644567251205444,0.33200740814208984,0.8554853796958923
0.15189456939697266,0.0830572247505188,1.1066029071807861
0.2379278540611267,0.048317745327949524,0.8482884168624878
0.20467880368232727,0.2628457248210907,0.8639259338378906
