2.1421137716970406e-06,-9.18865407584235e-06,0.7375879287719727
0.12698814272880554,-0.036758631467819214,0.7442865371704102
0.2418549656867981,0.2417205423116684,0.5370445251464844
0.17378024756908417,0.07855600118637085,0.11799198389053345
-0.12698745727539062,0.0367516353726387,0.7308286428451538
-0.036254361271858215,0.3176043629646301,0.532707929611206
-0.044129930436611176,0.09464448690414429,0.12523514032363892
0.004067176952958107,0.009733274579048157,0.9632574319839478
0.056568168103694916,0.1399325430393219,1.1744201183319092
0.09348154813051224,0.2319384217262268,1.2195947170257568
0.08781038224697113,0.21157687902450562,1.3319556713104248
-0.07218685746192932,0.159877210855484,1.1078879833221436
-0.14815479516983032,0.1912389099597931,0.8460038900375366
-0.006920531392097473,0.3379133939743042,0.879909873008728
0.16768430173397064,0.0760069489479065,1.1055872440338135
0.24337705969810486,0.05742046236991882,0.8401007056236267
0.21462884545326233,0.2662687301635742,0.8791416883468628
