1.5387386156362481e-06,-9.191924618789926e-06,0.7375877499580383
0.12679728865623474,-0.03611009567975998,0.7430931329727173
0.2419506013393402,0.22474220395088196,0.532028317451477
0.16954456269741058,0.06861680746078491,0.11416202783584595
-0.12679651379585266,0.036102477461099625,0.7320204973220825
-0.042641595005989075,0.2982003688812256,0.5227274894714355
-0.03544197976589203,0.08571457862854004,0.10948395729064941
0.0011128270998597145,-0.006878077983856201,0.9608184695243835
0.04118133336305618,0.10968932509422302,1.181565284729004
0.07851298898458481,0.1900528073310852,1.2401937246322632
0.060935575515031815,0.15300220251083374,1.3464070558547974
-0.08180440962314606,0.13011613488197327,1.1104826927185059
-0.1620618849992752,0.16775566339492798,0.8500449061393738
-0.014435574412345886,0.29580938816070557,0.8561969995498657
0.15161612629890442,0.04953208565711975,1.1108473539352417
0.24246454238891602,0.02764981985092163,0.8502007722854614
0.20510363578796387,0.2343214601278305,0.8569872379302979
