-6.399063749995548e-07,-5.893709385418333e-06,0.7375893592834473
0.12839454412460327,-0.03719828277826309,0.7515026926994324
0.24142083525657654,0.18400666117668152,0.5119233727455139
0.1467459499835968,0.04396533966064453,0.08489096164703369
-0.12839549779891968,0.03718733787536621,0.7236160039901733
-0.06160666048526764,0.2713499069213867,0.5208883285522461
-0.045302122831344604,0.057843148708343506,0.10762113332748413
-0.01487857848405838,0.04358166456222534,0.9464297294616699
0.016432642936706543,0.17097735404968262,1.1502344608306885
0.04776874929666519,0.26219165325164795,1.1883878707885742
0.04792167246341705,0.24633193016052246,1.301525354385376
-0.11515136063098907,0.18617624044418335,1.0864216089248657
-0.2594377100467682,0.21070875227451324,0.8589173555374146
-0.35218268632888794,0.29022935032844543,0.6364949941635132
0.13599348068237305,0.09915724396705627,1.0915236473083496
0.2669822573661804,-0.004172228276729584,0.8633983135223389
0.4069637656211853,0.010547861456871033,0.6520618796348572
