2.097324795613531e-06,-7.907114195404574e-06,0.7375854849815369
0.12490886449813843,-0.04108664020895958,0.7474871277809143
0.2416408360004425,0.23080995678901672,0.5414419174194336
0.155277281999588,0.06942421197891235,0.13107144832611084
-0.12490774691104889,0.041076939553022385,0.7276281118392944
-0.03949694335460663,0.3188343644142151,0.5355601906776428
-0.03409557789564133,0.08612173795700073,0.13241392374038696
0.0010176794603466988,0.024926066398620605,0.9611413478851318
0.04259180277585983,0.18257015943527222,1.156858205795288
0.08607830107212067,0.28566664457321167,1.1716970205307007
0.08876018226146698,0.28865230083465576,1.287704348564148
-0.08178648352622986,0.19970303773880005,1.0840507745742798
-0.16317303478717804,0.22585982084274292,0.8244026303291321
-0.0010632723569869995,0.36826950311660767,0.8253049254417419
0.152009055018425,0.10825079679489136,1.1046868562698364
0.24464359879493713,0.05875217169523239,0.8516779541969299
0.20976781845092773,0.2842754125595093,0.8382027745246887
