3.1215058697853237e-06,-1.0314925020793453e-05,0.7375901341438293
0.12472376227378845,-0.04214916378259659,0.7424072623252869
0.2338486909866333,0.1542053371667862,0.5498209595680237
0.131403386592865,0.001976609230041504,0.14660823345184326
-0.12472361326217651,0.04214323312044144,0.7327077388763428
-0.04435074329376221,0.2598007917404175,0.5485800504684448
-0.018951360136270523,0.08632808923721313,0.13389933109283447
-0.006153198890388012,-0.03780239820480347,0.9657017588615417
0.026136595755815506,0.021856367588043213,1.2107447385787964
0.058377671986818314,0.09130436182022095,1.2918082475662231
0.03439309820532799,0.0433695912361145,1.3863263130187988
-0.09498955309391022,0.06002560257911682,1.1407995223999023
-0.1570301055908203,0.12645697593688965,0.8762890696525574
-0.04305291175842285,0.2524375021457672,0.9128610491752625
0.13910621404647827,-0.030674844980239868,1.1344542503356934
0.2140144258737564,-0.01713290810585022,0.8671991229057312
0.19541050493717194,0.15705928206443787,0.9160244464874268
