1.0971298252115957e-06,-8.28345218906179e-06,0.7375865578651428
0.12500406801700592,-0.04188981652259827,0.7450409531593323
0.23715761303901672,0.22769656777381897,0.5322281122207642
0.15408803522586823,0.06898558139801025,0.11817163228988647
-0.1250033676624298,0.04188042879104614,0.7300746440887451
-0.04514370858669281,0.311091810464859,0.5300643444061279
-0.037380337715148926,0.07996666431427002,0.12408977746963501
0.005894143134355545,0.016880273818969727,0.9618004560470581
0.06709911674261093,0.15455320477485657,1.1642673015594482
0.13011930882930756,0.24298131465911865,1.193109154701233
0.13772159814834595,0.23137789964675903,1.3068939447402954
-0.0600590854883194,0.1789495348930359,1.097790002822876
-0.15453796088695526,0.21389314532279968,0.8421092629432678
0.003317594528198242,0.3537856936454773,0.8584225177764893
0.17025092244148254,0.0793130099773407,1.1004996299743652
0.24629610776901245,0.041274115443229675,0.8405071496963501
0.220688596367836,0.2616128921508789,0.8413268327713013
