2.237830813101027e-06,-8.563773008063436e-06,0.7375863790512085
0.12693847715854645,-0.03598093241453171,0.746317982673645
0.2342509925365448,0.22893083095550537,0.5482041835784912
0.1553221344947815,0.05636698007583618,0.13502657413482666
-0.12693774700164795,0.03597281873226166,0.7287960052490234
-0.04591318964958191,0.3075414299964905,0.5398874878883362
-0.03945595771074295,0.088412344455719,0.1295831799507141
-0.0023449715226888657,0.004316389560699463,0.9611917734146118
0.031570516526699066,0.13690733909606934,1.1727566719055176
0.06696143746376038,0.23207038640975952,1.215224027633667
0.05349672585725784,0.21305185556411743,1.3298559188842773
-0.09250965714454651,0.15278875827789307,1.0976226329803467
-0.16748777031898499,0.18744322657585144,0.8346364498138428
-0.016747653484344482,0.32501477003097534,0.8491091132164001
0.14438489079475403,0.0741778016090393,1.1127498149871826
0.23646903038024902,0.04355429857969284,0.8564913868904114
0.19588986039161682,0.25735747814178467,0.8543798923492432
