2.8184445000078995e-07,-8.80619882082101e-06,0.7375887036323547
0.12397618591785431,-0.04405144602060318,0.7468476891517639
0.24150770902633667,0.23302441835403442,0.5336804986000061
0.16286802291870117,0.0811225175857544,0.12157332897186279
-0.12397494912147522,0.04404176399111748,0.7282702922821045
-0.040526390075683594,0.31524237990379333,0.5268114805221558
-0.037306539714336395,0.09309762716293335,0.12182283401489258
0.016729291528463364,0.05539633333683014,0.9481844305992126
0.07311636954545975,0.23227757215499878,1.118645429611206
0.12305954843759537,0.3329084515571594,1.1119321584701538
0.12937691807746887,0.357351154088974,1.2249057292938232
-0.05409799516201019,0.24918794631958008,1.053201675415039
-0.15318307280540466,0.2687862813472748,0.8019024729728699
0.01824888586997986,0.40375351905822754,0.7967402935028076
0.17889738082885742,0.14997273683547974,1.071190357208252
0.26341259479522705,0.08224226534366608,0.8223177194595337
0.21966660022735596,0.3096107542514801,0.7997303009033203
