2.024087734753266e-06,-1.0222995115327649e-05,0.7375884056091309
0.1258372664451599,-0.035892732441425323,0.7434918284416199
0.24333372712135315,0.2002193182706833,0.5227510333061218
0.1711854636669159,0.06527179479598999,0.09860348701477051
-0.1258360892534256,0.03588490933179855,0.7316222190856934
-0.04858408868312836,0.26958706974983215,0.5163992643356323
-0.04663865640759468,0.06955009698867798,0.10092103481292725
0.003315714420750737,-0.0018596053123474121,0.9598263502120972
0.05037838965654373,0.07843175530433655,1.192237377166748
0.09179984778165817,0.14960715174674988,1.2638792991638184
0.07503373175859451,0.10201787948608398,1.3602302074432373
-0.07502326369285583,0.1076626181602478,1.1275477409362793
-0.1442994475364685,0.17599786818027496,0.8705551028251648
0.0036476999521255493,0.28164786100387573,0.9167393445968628
0.16021806001663208,0.024387061595916748,1.1163777112960815
0.23279720544815063,0.02292896807193756,0.8544929027557373
0.19445227086544037,0.2020939737558365,0.9068446159362793
