-6.484747245849576e-07,-5.71531018067617e-06,0.737586259841919
0.12534673511981964,-0.036617837846279144,0.7432895302772522
0.23174376785755157,0.18455791473388672,0.476024866104126
0.15718507766723633,0.07264631986618042,0.05359184741973877
-0.1253465712070465,0.03660852834582329,0.7318255305290222
-0.06481434404850006,0.25766560435295105,0.4756332337856293
-0.044290393590927124,0.059353530406951904,0.05889737606048584
-0.01728924550116062,-0.014380261301994324,0.9562971591949463
0.023095358163118362,0.06262007355690002,1.1916604042053223
0.06376338005065918,0.13724800944328308,1.256316065788269
0.04386290907859802,0.09801685810089111,1.3576966524124146
-0.09865507483482361,0.09725630283355713,1.1185576915740967
-0.1805647611618042,0.14432616531848907,0.8607360124588013
-0.0629347711801529,0.230985626578331,0.6866424679756165
0.13469147682189941,0.004984498023986816,1.1187684535980225
0.2135503888130188,-0.019202440977096558,0.8600866794586182
0.2077685296535492,0.15453752875328064,0.699687659740448
