1.1771235222113319e-06,-8.769138730713166e-06,0.737585186958313
0.1245841383934021,-0.03931707888841629,0.7428892850875854
0.23903851211071014,0.22466737031936646,0.5431129336357117
0.1565590649843216,0.04037994146347046,0.13593155145645142
-0.12458270788192749,0.039310768246650696,0.7322269678115845
-0.03874365985393524,0.3064214587211609,0.5391653180122375
-0.039244599640369415,0.08999645709991455,0.1304302215576172
0.008996915072202682,0.010548636317253113,0.9598878622055054
0.06695695221424103,0.12330585718154907,1.1781342029571533
0.11371233314275742,0.2034115195274353,1.2313252687454224
0.10637617111206055,0.16806679964065552,1.3397831916809082
-0.06131988763809204,0.1489931344985962,1.114729881286621
-0.15432000160217285,0.19074705243110657,0.8633506298065186
-0.013047859072685242,0.3391103148460388,0.8671627044677734
0.1769329309463501,0.06245410442352295,1.1092801094055176
0.26350218057632446,0.06841032207012177,0.853378415107727
0.2124653309583664,0.2640847861766815,0.8922220468521118
