2.2358358364726882e-06,-9.400429917150177e-06,0.7375901341438293
0.12394905090332031,-0.04133296012878418,0.7423832416534424
0.2366471141576767,0.16046719253063202,0.5500891208648682
0.13210386037826538,-0.01518017053604126,0.1685401201248169
-0.12394982576370239,0.04132631793618202,0.7327324151992798
-0.047748178243637085,0.2670174241065979,0.5514184236526489
-0.016589954495429993,0.09364429116249084,0.1507773995399475
-0.007695181295275688,-0.03593164682388306,0.9637191295623779
0.020173516124486923,0.0253259539604187,1.2099928855895996
0.05170215666294098,0.09513741731643677,1.2936279773712158
0.027272693812847137,0.04331260919570923,1.3866465091705322
-0.09986273944377899,0.06586915254592896,1.1388556957244873
-0.15005618333816528,0.1381690502166748,0.8731951713562012
-0.03766144812107086,0.24859020113945007,0.9298902750015259
0.13423143327236176,-0.028213858604431152,1.1354148387908936
0.21649405360221863,-0.006987571716308594,0.874137282371521
0.19507959485054016,0.16204321384429932,0.9267246723175049
