1.0062985893455334e-06,-8.220895324484445e-06,0.7375867962837219
0.12411117553710938,-0.04230882227420807,0.7476263642311096
0.24430248141288757,0.23183691501617432,0.5394351482391357
0.15793439745903015,0.07587134838104248,0.1299172043800354
-0.12410992383956909,0.042299143970012665,0.7274907231330872
-0.04166829586029053,0.31557634472846985,0.535271942615509
-0.03547786548733711,0.08788686990737915,0.13279175758361816
0.010213823989033699,0.04245787858963013,0.9555526971817017
0.05935479328036308,0.21445876359939575,1.1366889476776123
0.10884051769971848,0.3166123032569885,1.1347954273223877
0.11221371591091156,0.3352612257003784,1.24779212474823
-0.06653733551502228,0.23022198677062988,1.0675691366195679
-0.15597712993621826,0.25206997990608215,0.81098872423172
0.01111823320388794,0.3896762430667877,0.8092560768127441
0.16656339168548584,0.13534298539161682,1.0891822576522827
0.2537536323070526,0.07379694283008575,0.8389849662780762
0.21556128561496735,0.2984083294868469,0.8235989809036255
