4.4827174860984087e-07,-1.0071329597849399e-05,0.7375885248184204
0.12679451704025269,-0.03615842014551163,0.744558572769165
0.23303040862083435,0.20359304547309875,0.5357925891876221
0.1604713797569275,0.05762666463851929,0.11022019386291504
-0.12679356336593628,0.036151181906461716,0.7305550575256348
-0.04622264206409454,0.27772998809814453,0.5281208753585815
-0.05032457783818245,0.05547374486923218,0.11624711751937866
-0.011982792057096958,-0.025625884532928467,0.9607574939727783
0.008417399600148201,0.06429404020309448,1.1979314088821411
0.018580816686153412,0.13947740197181702,1.2672487497329712
-0.00019781291484832764,0.09804350137710571,1.3666999340057373
-0.11304366588592529,0.0913902223110199,1.124346375465393
-0.16877585649490356,0.17277011275291443,0.8668515682220459
-0.03222969174385071,0.3047640919685364,0.8759526014328003
0.1281466782093048,0.01626211404800415,1.1288883686065674
0.23998574912548065,0.03632444143295288,0.8808465003967285
0.1955787092447281,0.23649480938911438,0.8755925893783569
