1.8307614482182544e-06,-8.099781553028151e-06,0.7375946640968323
0.12046143412590027,-0.043165117502212524,0.74196457862854
0.19378435611724854,0.06996504962444305,0.4618825614452362
0.1388917714357376,-0.035400211811065674,0.030020058155059814
-0.12046317756175995,0.04315606504678726,0.7331578731536865
-0.07889430224895477,0.18111202120780945,0.4700595736503601
-0.07775356620550156,0.05629450082778931,0.03807955980300903
-0.0028883623890578747,-0.018039345741271973,0.9688343405723572
0.0026127127930521965,-0.02562958002090454,1.2135370969772339
0.02846187725663185,0.04252082109451294,1.2875254154205322
0.007176026236265898,-0.014568150043487549,1.3512966632843018
-0.130935937166214,0.023472905158996582,1.1885271072387695
-0.2560306787490845,0.17753815650939941,1.3214713335037231
-0.319981187582016,0.2169070839881897,1.4574627876281738
0.1355675309896469,-0.07296574115753174,1.1761033535003662
0.3297688961029053,0.011465251445770264,1.2997205257415771
0.3712102174758911,0.020992517471313477,1.429319143295288
