4.827956217923202e-06,-8.214305125875399e-06,0.7375969290733337
0.12485821545124054,-0.04205133020877838,0.74261075258255
0.20538491010665894,0.09070824086666107,0.479863703250885
0.14968302845954895,-0.01428365707397461,0.048909008502960205
-0.12486010789871216,0.04204149916768074,0.7325109243392944
-0.08033263683319092,0.20094940066337585,0.49115657806396484
-0.06776716560125351,0.06028866767883301,0.06400442123413086
-0.005599442403763533,-0.019296571612358093,0.9638714790344238
-0.008119417354464531,-0.006730914115905762,1.208061933517456
-0.011246558278799057,0.06611460447311401,1.275490641593933
-0.0348772332072258,0.013207077980041504,1.352352499961853
-0.1472652554512024,0.034048110246658325,1.168013334274292
-0.28761011362075806,0.19169306755065918,1.1660521030426025
-0.3508836328983307,0.24211278557777405,1.1783421039581299
0.1316731572151184,-0.051639556884765625,1.170095443725586
0.3372040390968323,0.013818502426147461,1.1927170753479004
0.3940085768699646,0.03913378715515137,1.2317194938659668
