2.0361185306683183e-06,-1.0405539796920493e-05,0.7375889420509338
0.12543708086013794,-0.03631024807691574,0.7437654137611389
0.24572139978408813,0.20335596799850464,0.5246174335479736
0.17301702499389648,0.06936419010162354,0.10098832845687866
-0.12543591856956482,0.036302339285612106,0.7313489317893982
-0.04787208139896393,0.2725662887096405,0.5185285806655884
-0.04418790340423584,0.07137995958328247,0.10359567403793335
0.0019539978820830584,-0.0032766610383987427,0.959658682346344
0.04699932411313057,0.07516247034072876,1.1928033828735352
0.08847017586231232,0.14765670895576477,1.264322280883789
0.07003696262836456,0.0986553430557251,1.36032235622406
-0.07780621945858002,0.10591712594032288,1.127899169921875
-0.14734414219856262,0.17815212905406952,0.8726198673248291
0.003791406750679016,0.2853493094444275,0.9159200191497803
0.15703685581684113,0.020899027585983276,1.1167954206466675
0.23120364546775818,0.021039187908172607,0.856395959854126
0.19279995560646057,0.20003214478492737,0.906952977180481
