1.72320051206043e-06,-8.61547960084863e-06,0.7375862002372742
0.12599560618400574,-0.03823109716176987,0.7447004318237305
0.24057060480117798,0.249142587184906,0.5457071661949158
0.16883578896522522,0.08724236488342285,0.12683337926864624
-0.1259940266609192,0.038224756717681885,0.730414867401123
-0.03435501456260681,0.3243533670902252,0.5437152981758118
-0.04037856310606003,0.10559332370758057,0.1352483034133911
0.0057964869774878025,0.010490849614143372,0.9633113145828247
0.05909036099910736,0.14976069331169128,1.1711735725402832
0.097163125872612,0.24547547101974487,1.2051990032196045
0.09485147893428802,0.2350292205810547,1.320697546005249
-0.06957361102104187,0.16890940070152283,1.1037514209747314
-0.1556169092655182,0.205057293176651,0.8452314734458923
-0.008281201124191284,0.34834709763526917,0.8837485313415527
0.1688414216041565,0.08218306303024292,1.1067864894866943
0.2518288493156433,0.051503539085388184,0.8451446890830994
0.22437773644924164,0.26573678851127625,0.8648910522460938
