3.290237145847641e-06,-1.1212130630156025e-05,0.7375925183296204
0.12514424324035645,-0.042075205594301224,0.7448948621749878
0.2299085259437561,0.19207783043384552,0.530579149723053
0.1543339192867279,0.05462980270385742,0.10319751501083374
-0.1251407116651535,0.042071107774972916,0.7302209138870239
-0.052623406052589417,0.27554789185523987,0.5250320434570312
-0.04166041314601898,0.08050912618637085,0.10015976428985596
-0.005747749470174313,-0.0307217538356781,0.9622914791107178
0.02878202684223652,0.045324623584747314,1.1979063749313354
0.08320850133895874,0.11734551191329956,1.2546980381011963
0.07801389694213867,0.07967841625213623,1.358065128326416
-0.09033149480819702,0.0847603976726532,1.1234859228134155
-0.1614052951335907,0.16197696328163147,0.8614694476127625
-0.012030214071273804,0.25870466232299805,0.8937034606933594
0.1416129320859909,-0.01444980502128601,1.1463496685028076
0.29824894666671753,0.05877132713794708,0.9533488154411316
0.2002713680267334,0.18321925401687622,1.1061453819274902
