-6.221066541911568e-07,-9.273764590034261e-06,0.7375894784927368
0.12507764995098114,-0.041389934718608856,0.7468173503875732
0.24157147109508514,0.25066077709198,0.5553885698318481
0.16355887055397034,0.09098285436630249,0.14514189958572388
-0.12507611513137817,0.04138132557272911,0.728300929069519
-0.04101236164569855,0.32955390214920044,0.5498424768447876
-0.034350648522377014,0.1116686761379242,0.14192914962768555
0.01180638000369072,0.05094523727893829,0.9503504037857056
0.05986101180315018,0.22217953205108643,1.1257596015930176
0.1022418811917305,0.32410943508148193,1.1193655729293823
0.10447949916124344,0.34905385971069336,1.2315058708190918
-0.06730170547962189,0.23751530051231384,1.0602655410766602
-0.1506807655096054,0.26934537291526794,0.804529070854187
0.009650960564613342,0.40160566568374634,0.8407878875732422
0.1701543629169464,0.14567336440086365,1.0799560546875
0.26379892230033875,0.09682731330394745,0.8303918838500977
0.20624439418315887,0.31405526399612427,0.8460530042648315
