1.4598763300455175e-06,-9.383578799315728e-06,0.7375873327255249
0.12609626352787018,-0.037476133555173874,0.7435076832771301
0.2405538558959961,0.22860591113567352,0.5311555862426758
0.1651594191789627,0.06176304817199707,0.11576944589614868
-0.12609489262104034,0.03746938705444336,0.7316071391105652
-0.041450709104537964,0.3024853467941284,0.5254827737808228
-0.04018188267946243,0.07976311445236206,0.11541402339935303
0.004240626469254494,0.003985121846199036,0.9611197113990784
0.056459300220012665,0.12273138761520386,1.179311752319336
0.10041201859712601,0.19807332754135132,1.2377667427062988
0.08467224985361099,0.16309994459152222,1.3428277969360352
-0.06816032528877258,0.14604678750038147,1.1110625267028809
-0.15707355737686157,0.18768703937530518,0.8543310761451721
-0.009223923087120056,0.31993332505226135,0.8827590942382812
0.16388055682182312,0.05949854850769043,1.107594609260559
0.24924536049365997,0.03569312393665314,0.8467839360237122
0.2199072390794754,0.24866528809070587,0.8606639504432678
