1.8940681911772117e-06,-8.060138497967273e-06,0.7375950217247009
0.12329603731632233,-0.03899846971035004,0.7396738529205322
0.20436546206474304,0.09713327884674072,0.49081456661224365
0.1405484974384308,0.0040013790130615234,0.05546492338180542
-0.12329767644405365,0.038991350680589676,0.7354484796524048
-0.0748094767332077,0.21232587099075317,0.5020844340324402
-0.06224435567855835,0.09525913000106812,0.07023835182189941
-0.001945586409419775,-0.00800323486328125,0.9672009944915771
-0.007804315537214279,0.0003738701343536377,1.207279920578003
0.002608001232147217,0.08127892017364502,1.2664884328842163
-0.02491394430398941,0.03735274076461792,1.3355956077575684
-0.13912926614284515,0.04320332407951355,1.1786328554153442
-0.2310527265071869,0.21050035953521729,1.298335075378418
-0.25047874450683594,0.24268501996994019,1.4315990209579468
0.1282431185245514,-0.0347881019115448,1.1768971681594849
0.2588084042072296,0.09325915575027466,1.3168845176696777
0.23958531022071838,0.09465014934539795,1.4756505489349365
