3.084134732489474e-06,-9.839430276770145e-06,0.7375980019569397
0.11956200003623962,-0.04170568659901619,0.7421795725822449
0.22395621240139008,0.15494628250598907,0.5392464399337769
0.15909969806671143,0.04535222053527832,0.11182498931884766
-0.119561105966568,0.041699424386024475,0.7329418659210205
-0.0704699158668518,0.2299463152885437,0.5296527743339539
-0.07379482686519623,0.05061823129653931,0.10429280996322632
-0.002732623368501663,0.012672141194343567,0.9656742215156555
0.006128350272774696,0.05547556281089783,1.2040835618972778
0.053071439266204834,0.14034569263458252,1.2432773113250732
0.044842660427093506,0.11026120185852051,1.3417859077453613
-0.11634209752082825,0.10981026291847229,1.1643191576004028
-0.10582049190998077,0.3480467200279236,1.1592332124710083
0.01520298421382904,0.3703855872154236,1.341512680053711
0.13077008724212646,0.008654415607452393,1.1695435047149658
0.28639835119247437,0.16884899139404297,1.1786408424377441
0.24899007380008698,0.2877260446548462,1.3531475067138672
