2.616242454678286e-06,-1.0201050827163272e-05,0.7375885248184204
0.12658242881298065,-0.03621205687522888,0.7426980137825012
0.24207986891269684,0.23584671318531036,0.534417986869812
0.17692387104034424,0.07829028367996216,0.11271834373474121
-0.12658149003982544,0.03620604798197746,0.7324167490005493
-0.04130357503890991,0.31106036901474,0.5311330556869507
-0.04812803119421005,0.09322714805603027,0.12082880735397339
0.006401811260730028,0.0005781799554824829,0.9616713523864746
0.05461232364177704,0.11938393115997314,1.1802949905395508
0.08730714023113251,0.20302847027778625,1.2358858585357666
0.07477628439664841,0.17009371519088745,1.343825340270996
-0.07145997881889343,0.14085882902145386,1.1117913722991943
-0.14897257089614868,0.17552034556865692,0.8495980501174927
-0.014770731329917908,0.3199576437473297,0.8936530351638794
0.16514252126216888,0.05882582068443298,1.1094539165496826
0.24452202022075653,0.04142903536558151,0.8453260064125061
0.21942241489887238,0.25238388776779175,0.8793612718582153
