-1.8648797777132131e-06,-5.586922270595096e-06,0.7375888824462891
0.12971746921539307,-0.03437304496765137,0.7501430511474609
0.24283736944198608,0.20127514004707336,0.5130723714828491
0.15115612745285034,0.06343084573745728,0.08747541904449463
-0.12971848249435425,0.0343635268509388,0.7249741554260254
-0.06548932194709778,0.279889315366745,0.527313232421875
-0.04747985303401947,0.0703972578048706,0.10888981819152832
-0.015302840620279312,0.03446607291698456,0.9485107660293579
0.011894643306732178,0.1638506054878235,1.1539990901947021
0.04190372675657272,0.2552843987941742,1.18977689743042
0.042615413665771484,0.24004167318344116,1.3041563034057617
-0.1216723620891571,0.17609459161758423,1.0900521278381348
-0.26648324728012085,0.19618256390094757,0.8619734644889832
-0.3579902648925781,0.2900103032588959,0.6409755945205688
0.13482297956943512,0.09523442387580872,1.0966559648513794
0.2729516327381134,0.004218831658363342,0.8687047958374023
0.40835946798324585,0.0380217507481575,0.6546266674995422
