-1.2552318366942927e-06,-7.766871931380592e-06,0.7375896573066711
0.12617729604244232,-0.034732937812805176,0.7387966513633728
0.20358094573020935,0.11352302134037018,0.45927077531814575
0.13814352452754974,0.015157580375671387,0.026124119758605957
-0.12617674469947815,0.0347268208861351,0.7363215684890747
-0.08221389353275299,0.19623321294784546,0.4569683372974396
-0.05130227655172348,0.023489534854888916,0.03580266237258911
0.0008273888379335403,-0.031063780188560486,0.9591219425201416
0.03114447370171547,0.017523527145385742,1.2034329175949097
0.08297467231750488,0.07283788919448853,1.2854325771331787
0.06969524919986725,0.005869626998901367,1.3612754344940186
-0.09193520247936249,0.05881768465042114,1.134787678718567
-0.16649654507637024,0.1369578093290329,0.8789804577827454
-0.06366381049156189,0.20986056327819824,0.6986864805221558
0.15328487753868103,-0.02178400754928589,1.1459611654281616
0.29794949293136597,0.1121537983417511,0.9974726438522339
0.17615413665771484,0.19528591632843018,1.1312334537506104
