2.023058186750859e-06,-9.689299986348487e-06,0.7375878095626831
0.12602466344833374,-0.03553933650255203,0.7428716421127319
0.24157454073429108,0.23325371742248535,0.5383202433586121
0.169894278049469,0.06499737501144409,0.1223146915435791
-0.12602393329143524,0.03553270548582077,0.7322428822517395
-0.041302964091300964,0.3091561794281006,0.5320470929145813
-0.04227086529135704,0.09438151121139526,0.1208147406578064
0.0031242158729583025,-0.004525870084762573,0.9637208580970764
0.05132501199841499,0.11277845501899719,1.1850873231887817
0.08542768657207489,0.19421535730361938,1.2399561405181885
0.07461178302764893,0.16229724884033203,1.3477840423583984
-0.07447013258934021,0.13237866759300232,1.1163121461868286
-0.15595725178718567,0.1700724959373474,0.8568297028541565
-0.020083129405975342,0.3106725215911865,0.8957618474960327
0.16174420714378357,0.05427369475364685,1.1131147146224976
0.24846774339675903,0.04068617522716522,0.8506569862365723
0.20819899439811707,0.24658939242362976,0.8996474742889404
