3.62351602234412e-06,-9.668532584328204e-06,0.7375888228416443
0.1235065758228302,-0.041918087750673294,0.7426049709320068
0.23459994792938232,0.15399010479450226,0.5445716381072998
0.1345064342021942,-0.016445279121398926,0.15354347229003906
-0.12350654602050781,0.04191235825419426,0.7325107455253601
-0.043896228075027466,0.2603892683982849,0.5451235771179199
-0.008284665644168854,0.09602624177932739,0.1333838701248169
-0.007619587238878012,-0.032882511615753174,0.9647411704063416
0.017068296670913696,0.02693188190460205,1.2107317447662354
0.04656634107232094,0.09370708465576172,1.2951229810714722
0.022594522684812546,0.045200228691101074,1.3887014389038086
-0.10199734568595886,0.06547635793685913,1.1368718147277832
-0.1546366810798645,0.1360294073820114,0.8715083599090576
-0.045877352356910706,0.2480793595314026,0.9159195423126221
0.1316584199666977,-0.025270074605941772,1.137582778930664
0.21929623186588287,-0.010077744722366333,0.8767193555831909
0.19291873276233673,0.1619235873222351,0.9269753694534302
