4.062314928887645e-07,-8.059840183705091e-06,0.7375863790512085
0.12564784288406372,-0.03837241232395172,0.7438680529594421
0.23757466673851013,0.2509501874446869,0.5473499894142151
0.1694900095462799,0.09056442975997925,0.1315155029296875
-0.12564709782600403,0.03836490213871002,0.7312484383583069
-0.03549031913280487,0.32524630427360535,0.545921802520752
-0.04101312905550003,0.11110663414001465,0.13793843984603882
0.011431092396378517,0.0284745991230011,0.9587798118591309
0.06582102179527283,0.1834043562412262,1.1513417959213257
0.10094621032476425,0.2897040843963623,1.1612708568572998
0.10764849185943604,0.30013203620910645,1.2767648696899414
-0.0643497109413147,0.19866105914115906,1.0867444276809692
-0.15869799256324768,0.22421519458293915,0.8329666256904602
-0.004708051681518555,0.37361910939216614,0.858073353767395
0.1762828379869461,0.11201304197311401,1.0927602052688599
0.25909411907196045,0.0725564956665039,0.8357226848602295
0.2146819680929184,0.28933006525039673,0.8561962842941284
