1.8050668586511165e-06,-9.487148417974822e-06,0.7375885248184204
0.12581084668636322,-0.03981979563832283,0.7439752221107483
0.23810741305351257,0.22937366366386414,0.5447498559951782
0.16782239079475403,0.07708704471588135,0.13009822368621826
-0.1258104145526886,0.03981130197644234,0.7311398386955261
-0.038377806544303894,0.3087078630924225,0.5481756329536438
-0.04085947573184967,0.09799528121948242,0.13473790884017944
0.004494647961109877,0.0022072792053222656,0.9620444178581238
0.05139869451522827,0.12416982650756836,1.1709399223327637
0.09101434797048569,0.21968555450439453,1.2015049457550049
0.09216927736997604,0.21470141410827637,1.315712571144104
-0.07566796243190765,0.1475602686405182,1.1053252220153809
-0.1561652272939682,0.18489834666252136,0.843841016292572
-0.015572577714920044,0.33341550827026367,0.8801301717758179
0.16235066950321198,0.05822652578353882,1.1073304414749146
0.23806115984916687,0.0403854176402092,0.8404158353805542
0.20201590657234192,0.24684464931488037,0.8744109869003296
