1.1707124940585345e-06,-9.166784366243519e-06,0.7375885248184204
0.12143225967884064,-0.0384540930390358,0.7442975044250488
0.2447427660226822,0.21867965161800385,0.5336827635765076
0.16799026727676392,0.06636613607406616,0.11458384990692139
-0.1214320957660675,0.03844505921006203,0.7308173775672913
-0.04132737219333649,0.28974220156669617,0.5262535810470581
-0.04284078627824783,0.07454001903533936,0.11177849769592285
0.014080830849707127,0.028081074357032776,0.954721987247467
0.04397808760404587,0.1460023820400238,1.1759052276611328
0.06580989807844162,0.23086446523666382,1.227966070175171
0.04613705724477768,0.1990872621536255,1.3381989002227783
-0.0746431052684784,0.16579067707061768,1.1036531925201416
-0.13667769730091095,0.19738207757472992,0.8387417793273926
-0.004271179437637329,0.305290162563324,0.8888185024261475
0.15543070435523987,0.08719009160995483,1.1126760244369507
0.24770978093147278,0.06261374056339264,0.8573678135871887
0.1880076825618744,0.2565653920173645,0.872686505317688
