4.974087914888514e-07,-8.564054951420985e-06,0.7375873923301697
0.12334907054901123,-0.03579964116215706,0.7409520149230957
0.23584748804569244,0.2085357904434204,0.5316455364227295
0.14648431539535522,0.03934752941131592,0.11556583642959595
-0.12334823608398438,0.03579338267445564,0.7341626882553101
-0.04997365176677704,0.27313345670700073,0.5337432622909546
-0.06368570029735565,0.048227548599243164,0.1216387152671814
0.014285635203123093,0.007187932729721069,0.9587223529815674
0.0420260988175869,0.08746916055679321,1.192381739616394
0.06584997475147247,0.17334243655204773,1.2489122152328491
0.04125729203224182,0.13120418787002563,1.3543705940246582
-0.08143965899944305,0.11306637525558472,1.1239728927612305
-0.15320968627929688,0.17427997291088104,0.8711019158363342
-0.011852987110614777,0.2617793083190918,0.9025018215179443
0.1593819558620453,0.041522979736328125,1.1248465776443481
0.24696654081344604,0.07252369821071625,0.8697241544723511
0.1602073609828949,0.2338767796754837,0.9071328639984131
