1.4225897757569328e-06,-9.991066690417938e-06,0.7375869154930115
0.12728101015090942,-0.03487825021147728,0.74368816614151
0.24364995956420898,0.22513246536254883,0.539947509765625
0.17491155862808228,0.07040244340896606,0.12128114700317383
-0.12728002667427063,0.03487197309732437,0.731427013874054
-0.04078812897205353,0.30282795429229736,0.5368363261222839
-0.045282796025276184,0.09253591299057007,0.12446647882461548
0.0018791011534631252,-0.010297611355781555,0.9647626280784607
0.04496748745441437,0.08965110778808594,1.1932463645935059
0.07610473781824112,0.1638956069946289,1.2648930549621582
0.05717658996582031,0.1218951940536499,1.3631744384765625
-0.077797532081604,0.11400201916694641,1.1232411861419678
-0.1425800323486328,0.15883338451385498,0.8579221963882446
-0.021176517009735107,0.29704049229621887,0.9203094244003296
0.15555045008659363,0.03605213761329651,1.1181550025939941
0.2299434244632721,0.03271733969449997,0.8505627512931824
0.21089187264442444,0.229449063539505,0.8921294808387756
