1.69822305906564e-06,-8.821138180792332e-06,0.7375859618186951
0.12615975737571716,-0.036851126700639725,0.7436675429344177
0.2408449947834015,0.2172848880290985,0.5331776142120361
0.15964803099632263,0.059871017932891846,0.11509466171264648
-0.1261593997478485,0.036842964589595795,0.7314465641975403
-0.04499883949756622,0.2923415005207062,0.5261201858520508
-0.03985618054866791,0.0735173225402832,0.11366158723831177
0.0018840432167053223,-0.008009538054466248,0.962579607963562
0.030662642791867256,0.10355955362319946,1.1890610456466675
0.05670936405658722,0.18898695707321167,1.240118145942688
0.03775418549776077,0.15747147798538208,1.3497843742370605
-0.09046521782875061,0.12364727258682251,1.1172387599945068
-0.16557499766349792,0.1605101227760315,0.8575332164764404
-0.01489172875881195,0.2813597321510315,0.8677411079406738
0.14289845526218414,0.04502776265144348,1.1242177486419678
0.23983223736286163,0.027506381273269653,0.8701404333114624
0.17911970615386963,0.22822695970535278,0.8677917718887329
