2.0477441466937307e-06,-1.0160503734368831e-05,0.737587571144104
0.12644007802009583,-0.036574676632881165,0.7425510883331299
0.2397749125957489,0.2014329880475998,0.5268036127090454
0.1687408983707428,0.06536215543746948,0.10124164819717407
-0.12643885612487793,0.03656762093305588,0.7325626611709595
-0.04829201102256775,0.27550214529037476,0.5202151536941528
-0.04232914000749588,0.08123695850372314,0.10164183378219604
0.0010213209316134453,-0.0005986839532852173,0.961577296257019
0.047494132071733475,0.08727046847343445,1.1927279233932495
0.09191929548978806,0.15462130308151245,1.2652218341827393
0.07784000039100647,0.10658860206604004,1.3611210584640503
-0.07672464847564697,0.11594676971435547,1.1275522708892822
-0.14548736810684204,0.17933398485183716,0.8673845529556274
0.0027881115674972534,0.28058910369873047,0.9272404909133911
0.15729644894599915,0.03367847204208374,1.1177809238433838
0.23129311203956604,0.03412412106990814,0.855976939201355
0.19268649816513062,0.21197009086608887,0.9170407056808472
