1.0932271834462881e-06,-9.382483767694794e-06,0.7375877499580383
0.1251661479473114,-0.040176987648010254,0.7435201406478882
0.2384914606809616,0.2528436779975891,0.5476689338684082
0.16771575808525085,0.09110337495803833,0.13533049821853638
-0.12516552209854126,0.04016867280006409,0.7315971255302429
-0.03517131507396698,0.32663780450820923,0.5494104623794556
-0.03940916061401367,0.11640888452529907,0.13983172178268433
0.015069459564983845,0.039240702986717224,0.9538372755050659
0.07025480270385742,0.20125961303710938,1.1373579502105713
0.10507379472255707,0.30753064155578613,1.1387958526611328
0.11476056277751923,0.32754582166671753,1.2522945404052734
-0.05972734093666077,0.21581542491912842,1.074697494506836
-0.15613161027431488,0.23565691709518433,0.822116494178772
0.00010494887828826904,0.3825758695602417,0.850063145160675
0.1797783374786377,0.12658655643463135,1.0823442935943604
0.25730177760124207,0.07997653633356094,0.8269129395484924
0.21184146404266357,0.2954477071762085,0.8457121849060059
