7.863300197641365e-07,-8.805238394415937e-06,0.737588107585907
0.12199285626411438,-0.03792412206530571,0.7440890073776245
0.241588294506073,0.21409526467323303,0.527737557888031
0.16950836777687073,0.0695987343788147,0.10542917251586914
-0.1219925731420517,0.03791515901684761,0.7310260534286499
-0.043879151344299316,0.2815365195274353,0.5191627740859985
-0.04643568396568298,0.07347553968429565,0.102711021900177
0.014738566242158413,0.0260162353515625,0.955299437046051
0.0417831689119339,0.1411479115486145,1.1756983995437622
0.062120892107486725,0.2269778549671173,1.2291759252548218
0.03963431715965271,0.19509166479110718,1.3376613855361938
-0.0779184103012085,0.16225889325141907,1.101807713508606
-0.13871927559375763,0.1937520056962967,0.8359826803207397
-0.0061298757791519165,0.30256813764572144,0.8880158066749573
0.15506865084171295,0.08218291401863098,1.1123650074005127
0.24635732173919678,0.056402385234832764,0.8555341958999634
0.18761052191257477,0.24884739518165588,0.8686367273330688
