1.4697302503918763e-06,-8.847790013533086e-06,0.737587034702301
0.12630245089530945,-0.037526581436395645,0.7439166307449341
0.24018090963363647,0.2497924417257309,0.546822190284729
0.17100751399993896,0.0914454460144043,0.13153588771820068
-0.12630166113376617,0.03751828521490097,0.7311996221542358
-0.03416019678115845,0.32057899236679077,0.5470032691955566
-0.04019073396921158,0.10426709055900574,0.1397349238395691
0.0132024846971035,0.026445835828781128,0.9604031443595886
0.06841331720352173,0.17546021938323975,1.154772162437439
0.10509295761585236,0.28140056133270264,1.1677916049957275
0.11165525764226913,0.2950732707977295,1.2821018695831299
-0.06151583790779114,0.19127428531646729,1.0920737981796265
-0.1494692862033844,0.21931128203868866,0.8374783396720886
0.004574596881866455,0.36429405212402344,0.864504337310791
0.17863829433918,0.10533949732780457,1.092768907546997
0.25258663296699524,0.07555805146694183,0.8313026428222656
0.21281951665878296,0.2907409071922302,0.8610470294952393
