3.4550903365015984e-06,-7.631024345755577e-06,0.7375932335853577
0.12193629145622253,-0.04571951925754547,0.7417070865631104
0.18186457455158234,0.04476490616798401,0.4448566734790802
0.11785915493965149,-0.06534993648529053,0.01520615816116333
-0.1219380795955658,0.04570965841412544,0.7334147095680237
-0.08728033304214478,0.157422736287117,0.4534548819065094
-0.08866584300994873,0.027315855026245117,0.02162158489227295
-0.004384432453662157,-0.011374935507774353,0.9665391445159912
0.02132410556077957,-0.011902809143066406,1.2152296304702759
0.07369007915258408,0.04314875602722168,1.2830190658569336
0.06380729377269745,-0.016081035137176514,1.3544280529022217
-0.11988696455955505,0.036709994077682495,1.1948127746582031
-0.2978252172470093,0.16472762823104858,1.2588802576065063
-0.39865267276763916,0.26140499114990234,1.3535515069961548
0.14647826552391052,-0.06901577115058899,1.164976716041565
0.3442233204841614,-0.04809132218360901,1.1808571815490723
0.44814783334732056,-0.02392446994781494,1.2358663082122803
