3.0334249458974227e-06,-1.097705535357818e-05,0.737592339515686
0.1252979040145874,-0.040568508207798004,0.744753897190094
0.23840907216072083,0.21415816247463226,0.5446311831474304
0.16306576132774353,0.08155536651611328,0.12021291255950928
-0.12529557943344116,0.04056249186396599,0.7303626537322998
-0.049543723464012146,0.28831201791763306,0.5395547747612
-0.02747606486082077,0.08569133281707764,0.11728346347808838
0.004858493339270353,-0.012343570590019226,0.9654155969619751
0.033093199133872986,0.09152883291244507,1.1926662921905518
0.08425721526145935,0.17813965678215027,1.2244865894317627
0.08456745743751526,0.16084343194961548,1.3365843296051025
-0.08650876581668854,0.12332946062088013,1.115859031677246
-0.15963274240493774,0.19925722479820251,0.8556838035583496
0.00032547861337661743,0.28417834639549255,0.8818711042404175
0.1469799429178238,0.028753697872161865,1.1530625820159912
0.30747148394584656,0.10149040818214417,0.9864017963409424
0.18558822572231293,0.19875910878181458,1.1435275077819824
