-5.228107511356939e-07,-9.812831194722094e-06,0.7375906109809875
0.12374432384967804,-0.04395042359828949,0.7459184527397156
0.2397821545600891,0.2378488928079605,0.5368778109550476
0.1635640561580658,0.08614170551300049,0.12680137157440186
-0.12374329566955566,0.04394064098596573,0.7292004227638245
-0.04190145432949066,0.31832513213157654,0.5336853265762329
-0.03928463160991669,0.09644365310668945,0.12843823432922363
0.018493328243494034,0.05853085219860077,0.9440562129020691
0.07822103798389435,0.23368218541145325,1.1094173192977905
0.1241714358329773,0.33276355266571045,1.0970903635025024
0.1356562376022339,0.3599328398704529,1.2100803852081299
-0.05047997832298279,0.2501821517944336,1.0476484298706055
-0.1541191041469574,0.2733548879623413,0.7983664274215698
0.015173360705375671,0.4097045660018921,0.8000953793525696
0.1841416358947754,0.15299955010414124,1.0611903667449951
0.2688347399234772,0.09179221093654633,0.8107655644416809
0.21727074682712555,0.31749552488327026,0.8005803227424622
