8.028273441595957e-07,-9.632274668547325e-06,0.7375873923301697
0.12684306502342224,-0.033419378101825714,0.7426285743713379
0.23798707127571106,0.21513637900352478,0.532764732837677
0.16826066374778748,0.05615973472595215,0.11537867784500122
-0.1268419623374939,0.03341328725218773,0.7324854135513306
-0.049086377024650574,0.2920418679714203,0.5270954966545105
-0.04062093049287796,0.09042388200759888,0.11025738716125488
-0.0015953071415424347,-0.018180757761001587,0.9633730053901672
0.036486245691776276,0.07893151044845581,1.1938313245773315
0.06582155078649521,0.15141719579696655,1.266334056854248
0.04557575657963753,0.09971076250076294,1.3589060306549072
-0.08560009300708771,0.1008443832397461,1.1232057809829712
-0.1598435938358307,0.14185158908367157,0.8612015247344971
-0.034341707825660706,0.2752929925918579,0.8929907083511353
0.14839524030685425,0.028391629457473755,1.119158148765564
0.2316783219575882,0.020702138543128967,0.8561711311340332
0.1979004144668579,0.21693965792655945,0.8986023664474487
