-6.520322131109424e-07,-8.476732546114363e-06,0.7375877499580383
0.12528884410858154,-0.0419418141245842,0.74591463804245
0.24118615686893463,0.24879679083824158,0.5453276038169861
0.16292181611061096,0.08481889963150024,0.13549822568893433
-0.12528729438781738,0.041934482753276825,0.7292033433914185
-0.03537838160991669,0.3300322890281677,0.546658992767334
-0.03598416596651077,0.11682075262069702,0.14050918817520142
0.01151933055371046,0.045566558837890625,0.9541960954666138
0.06331266462802887,0.2153942584991455,1.1326704025268555
0.10848352313041687,0.32015442848205566,1.1250110864639282
0.11458658427000046,0.34717753529548645,1.2378581762313843
-0.06651927530765533,0.231067955493927,1.0695935487747192
-0.15761630237102509,0.25293850898742676,0.8165524005889893
0.004523187875747681,0.3899039328098297,0.8412089943885803
0.17341476678848267,0.13844096660614014,1.081756353378296
0.2576860189437866,0.09200049936771393,0.8272889852523804
0.2003278136253357,0.3056240677833557,0.8460797071456909
