6.145203315099934e-07,-7.017062671366148e-06,0.7375858426094055
0.1253589689731598,-0.04150030016899109,0.7454211711883545
0.24203096330165863,0.23933100700378418,0.5304307341575623
0.16045893728733063,0.07770824432373047,0.11927348375320435
-0.12535786628723145,0.04149213433265686,0.7296952605247498
-0.035573810338974,0.31998899579048157,0.5275670289993286
-0.03457982838153839,0.09380561113357544,0.12568706274032593
0.012165120802819729,0.03526309132575989,0.9571400880813599
0.06911129504442215,0.19724193215370178,1.1463619470596313
0.11462853848934174,0.2964850962162018,1.1590042114257812
0.11779908835887909,0.3037991523742676,1.2744468450546265
-0.059517666697502136,0.21514689922332764,1.081369400024414
-0.156241774559021,0.24422556161880493,0.8298092484474182
0.007530391216278076,0.38199764490127563,0.837590217590332
0.17674069106578827,0.12098497152328491,1.0893139839172363
0.26615872979164124,0.07422434538602829,0.8342067003250122
0.22173994779586792,0.296561062335968,0.827087938785553
