2.0130100892856717e-06,-9.798139217309654e-06,0.7375882267951965
0.12819701433181763,-0.033685535192489624,0.7424160242080688
0.24388141930103302,0.22570601105690002,0.5347684621810913
0.17945745587348938,0.07411980628967285,0.11733782291412354
-0.12819558382034302,0.03367924690246582,0.7326974868774414
-0.03856009244918823,0.29880669713020325,0.5313360691070557
-0.034845899790525436,0.09413635730743408,0.11833840608596802
-0.0025837142020463943,-0.024315252900123596,0.9636083841323853
0.04113105684518814,0.06599119305610657,1.194923758506775
0.07251464575529099,0.1407712697982788,1.2638905048370361
0.05686882138252258,0.09784388542175293,1.3640538454055786
-0.08293287456035614,0.09088990092277527,1.1253578662872314
-0.14779630303382874,0.14038410782814026,0.8597365617752075
-0.0301913321018219,0.27444958686828613,0.9101715087890625
0.15227393805980682,0.014340192079544067,1.1171380281448364
0.22377225756645203,0.015068545937538147,0.8492951393127441
0.20952647924423218,0.21114157140254974,0.8988256454467773
