3.6381925383466296e-07,-8.130196874844842e-06,0.7375877499580383
0.12297463417053223,-0.036256127059459686,0.740398108959198
0.23231613636016846,0.20077131688594818,0.5321776866912842
0.1424962282180786,0.030686557292938232,0.1166045069694519
-0.12297376990318298,0.03625033050775528,0.7347172498703003
-0.05538231134414673,0.2688632905483246,0.536813497543335
-0.0668005645275116,0.043809473514556885,0.12480264902114868
0.012775719165802002,0.006680414080619812,0.9590155482292175
0.03998938947916031,0.07572633028030396,1.196470856666565
0.06267231702804565,0.16143232583999634,1.2561628818511963
0.037841565907001495,0.11732149124145508,1.359147071838379
-0.08374541997909546,0.10548049211502075,1.1313401460647583
-0.15255533158779144,0.1878555566072464,0.8918238282203674
-0.009013161063194275,0.2651982307434082,0.9349669218063354
0.15885643661022186,0.032300084829330444,1.1286563873291016
0.2486725002527237,0.08895484358072281,0.882331132888794
0.1607133448123932,0.23901498317718506,0.938750147819519
