-8.299684850499034e-07,-9.229539500665851e-06,0.7375893592834473
0.1250094622373581,-0.04214181751012802,0.746147096157074
0.24275967478752136,0.25228220224380493,0.5505778193473816
0.16379231214523315,0.09229177236557007,0.14189738035202026
-0.12500816583633423,0.04213320091366768,0.7289710640907288
-0.038188859820365906,0.3296110928058624,0.5489703416824341
-0.03158002346754074,0.1130828857421875,0.14121800661087036
0.013377364724874496,0.04801858961582184,0.9503825902938843
0.06631628423929214,0.21680718660354614,1.125483512878418
0.11039372533559799,0.3185592293739319,1.116976261138916
0.11526094377040863,0.3438664674758911,1.2288947105407715
-0.06211352348327637,0.23340147733688354,1.0620949268341064
-0.15375971794128418,0.266507625579834,0.8088428378105164
0.005279421806335449,0.3959657847881317,0.8457807302474976
0.17576177418231964,0.1402750313282013,1.0777724981307983
0.2669396996498108,0.09325683861970901,0.8267306089401245
0.21149250864982605,0.30831044912338257,0.843173623085022
