2.4219139049819205e-07,-8.995260941446759e-06,0.7375882863998413
0.12238043546676636,-0.037737760692834854,0.7436144351959229
0.24132175743579865,0.21332947909832,0.5289490818977356
0.17081713676452637,0.06862276792526245,0.10545849800109863
-0.12237966060638428,0.037729136645793915,0.7315006852149963
-0.041653960943222046,0.28297948837280273,0.5195813179016113
-0.04634600877761841,0.07188445329666138,0.10441833734512329
0.01669926755130291,0.023533746600151062,0.955062210559845
0.04684038087725639,0.1368531882762909,1.1756806373596191
0.06853265315294266,0.2216629683971405,1.2316126823425293
0.04623003304004669,0.1888001561164856,1.3403091430664062
-0.0738188624382019,0.1578596532344818,1.1016862392425537
-0.13724765181541443,0.1885380744934082,0.8362443447113037
-0.005165696144104004,0.29089653491973877,0.886745810508728
0.15973395109176636,0.0778418481349945,1.11077880859375
0.2503887712955475,0.05045534670352936,0.8529078364372253
0.19053995609283447,0.24233093857765198,0.8635053634643555
