-2.2376525521394797e-08,-8.827957572066225e-06,0.7375881671905518
0.12333598732948303,-0.03932330757379532,0.7427388429641724
0.24031883478164673,0.21296168863773346,0.5291571617126465
0.1644594371318817,0.05676543712615967,0.10805100202560425
-0.12333500385284424,0.03931521251797676,0.7323763370513916
-0.04140844941139221,0.28435808420181274,0.5223058462142944
-0.052428871393203735,0.06873500347137451,0.10888141393661499
0.0192190520465374,0.023525208234786987,0.9548069834709167
0.05344527214765549,0.13424691557884216,1.1763859987258911
0.0789630264043808,0.21936458349227905,1.2320544719696045
0.056560732424259186,0.18412601947784424,1.3407753705978394
-0.06931135058403015,0.15605458617210388,1.1037224531173706
-0.1368999034166336,0.1891348958015442,0.8387805223464966
-0.0032315701246261597,0.2971668243408203,0.8812185525894165
0.1665550321340561,0.07487690448760986,1.1119054555892944
0.2516497075557709,0.05253155529499054,0.852608323097229
0.1956620216369629,0.2477463334798813,0.8644778728485107
