1.3805038179270923e-06,-9.998022505897097e-06,0.7375879883766174
0.12727415561676025,-0.0346393883228302,0.7421908378601074
0.24006548523902893,0.23110267519950867,0.5338711738586426
0.17542526125907898,0.07666546106338501,0.1129380464553833
-0.12727287411689758,0.034633390605449677,0.7329235076904297
-0.04075406491756439,0.3019728362560272,0.531146228313446
-0.04552694037556648,0.09027516841888428,0.1190413236618042
0.0038893399760127068,-0.00991763174533844,0.9629406929016113
0.050533492118120193,0.0960734486579895,1.1888270378112793
0.08057525008916855,0.17152756452560425,1.2576285600662231
0.06513242423534393,0.12848609685897827,1.3563017845153809
-0.07479986548423767,0.11968517303466797,1.1194167137145996
-0.14934080839157104,0.1597653031349182,0.8551622033119202
-0.01707857847213745,0.300079345703125,0.9017847180366516
0.16144904494285583,0.04004189372062683,1.11380136013031
0.23608830571174622,0.02934650331735611,0.8473950624465942
0.21511447429656982,0.23711472749710083,0.8817063570022583
