8.983215593616478e-07,-8.89147304405924e-06,0.7375883460044861
0.12182930111885071,-0.03789015859365463,0.7439890503883362
0.24274970591068268,0.2144237458705902,0.52659672498703
0.16959601640701294,0.0661669373512268,0.10546553134918213
-0.12182918190956116,0.037881188094615936,0.7311257719993591
-0.04246363043785095,0.28390541672706604,0.5191258788108826
-0.046167947351932526,0.07114720344543457,0.10426157712936401
0.01546667329967022,0.02784384787082672,0.9542396068572998
0.0430401973426342,0.145795077085495,1.1740968227386475
0.06437846273183823,0.23148176074028015,1.2266483306884766
0.04208068549633026,0.1997421383857727,1.3357133865356445
-0.07595491409301758,0.16645315289497375,1.100675106048584
-0.13628260791301727,0.1983630508184433,0.8357446193695068
-0.002840891480445862,0.3092185854911804,0.8838016986846924
0.15563040971755981,0.08655723929405212,1.1116547584533691
0.24611374735832214,0.061415404081344604,0.8557112812995911
0.1863054633140564,0.2540566921234131,0.8686652183532715
