2.084528659906937e-06,-1.0231540727545507e-05,0.7375894784927368
0.1276526004076004,-0.034350499510765076,0.7415952682495117
0.2459178864955902,0.21973520517349243,0.5328423976898193
0.18007516860961914,0.06968700885772705,0.11465638875961304
-0.12765145301818848,0.034344375133514404,0.7335177063941956
-0.037093400955200195,0.29487287998199463,0.5300511717796326
-0.03333550691604614,0.096224844455719,0.11491745710372925
-0.003769625909626484,-0.03083084523677826,0.9622024297714233
0.036466047167778015,0.05020630359649658,1.195131778717041
0.06959308683872223,0.122691810131073,1.265915036201477
0.05129574239253998,0.07808828353881836,1.3639028072357178
-0.08676820993423462,0.07647725939750671,1.125434160232544
-0.15037329494953156,0.12463827431201935,0.8590160012245178
-0.03474926948547363,0.25878894329071045,0.9087632894515991
0.14818815886974335,-0.0008518993854522705,1.116923213005066
0.2251473218202591,0.0006918460130691528,0.8499468564987183
0.20703643560409546,0.19306880235671997,0.8986097574234009
