-6.431714609789196e-07,-9.932611646945588e-06,0.7375912070274353
0.123265340924263,-0.04179612919688225,0.7441519498825073
0.23052704334259033,0.22267991304397583,0.5175643563270569
0.15590311586856842,0.0720100998878479,0.10692501068115234
-0.12326470017433167,0.041785430163145065,0.7309682965278625
-0.04585951566696167,0.30608752369880676,0.522666335105896
-0.04108451306819916,0.10211634635925293,0.1148650050163269
0.021919425576925278,0.07798004150390625,0.931477963924408
0.07206850498914719,0.25950294733047485,1.0825270414352417
0.10526557266712189,0.3567040264606476,1.0525689125061035
0.11708809435367584,0.39789143204689026,1.162366271018982
-0.05807393789291382,0.2707768678665161,1.0249876976013184
-0.14939796924591064,0.27255433797836304,0.7745597958564758
0.008767157793045044,0.39431843161582947,0.784363865852356
0.18257583677768707,0.18004772067070007,1.0450124740600586
0.26450568437576294,0.11002355068922043,0.8002194166183472
0.20219461619853973,0.3093806207180023,0.7905145883560181
