1.3874637261324096e-07,-6.265339834499173e-06,0.737586498260498
0.12465895712375641,-0.03680388256907463,0.7404769659042358
0.23840679228305817,0.18225613236427307,0.47829577326774597
0.16150423884391785,0.06484788656234741,0.053001999855041504
-0.12465871870517731,0.0367954857647419,0.7346378564834595
-0.06408065557479858,0.25453510880470276,0.47837337851524353
-0.04282312095165253,0.05146223306655884,0.06493860483169556
-0.011183584108948708,-0.019880443811416626,0.9546502828598022
0.02476169914007187,0.05387529730796814,1.1924535036087036
0.06621655821800232,0.125480055809021,1.2609723806381226
0.045165158808231354,0.08087790012359619,1.3572139739990234
-0.09599798917770386,0.0908958911895752,1.1197237968444824
-0.17613281309604645,0.14306393265724182,0.8633938431739807
-0.05817478895187378,0.23915773630142212,0.689072847366333
0.13759487867355347,-0.0009854435920715332,1.1179791688919067
0.22254885733127594,-0.014804080128669739,0.8592329025268555
0.2131279706954956,0.16721536219120026,0.6999549865722656
