2.073472387564834e-06,-1.0051773642771877e-05,0.7375884652137756
0.12635958194732666,-0.03672965243458748,0.7422289252281189
0.24512070417404175,0.2175517976284027,0.5333437919616699
0.18103021383285522,0.07074052095413208,0.11434364318847656
-0.12635831534862518,0.036723677068948746,0.732884407043457
-0.03576160967350006,0.29170072078704834,0.5256268978118896
-0.03277543932199478,0.09595119953155518,0.11015307903289795
-0.006392120383679867,-0.02557559311389923,0.96253502368927
0.03282083943486214,0.05428406596183777,1.1982812881469727
0.0701662227511406,0.11625045537948608,1.2802619934082031
0.04456530511379242,0.06184220314025879,1.3660318851470947
-0.08835378289222717,0.08495113253593445,1.126851201057434
-0.1471344381570816,0.13527703285217285,0.8603994250297546
-0.031166061758995056,0.2668362557888031,0.9019618630409241
0.1440109759569168,0.0017785727977752686,1.1194251775741577
0.22134190797805786,0.0032136887311935425,0.853571355342865
0.2080007791519165,0.19407439231872559,0.894949197769165
