7.938888302305713e-08,-7.55202017899137e-06,0.7375905513763428
0.12521566450595856,-0.047787249088287354,0.7462886571884155
0.22174620628356934,0.11818118393421173,0.478455126285553
0.1404452621936798,0.007641494274139404,0.04764080047607422
-0.12521737813949585,0.047775108367204666,0.728831946849823
-0.07602091133594513,0.21116653084754944,0.48769816756248474
-0.07081028819084167,0.04713308811187744,0.05625647306442261
-0.012265708297491074,0.020216122269630432,0.9501692056655884
0.03201403468847275,0.1002102792263031,1.1696949005126953
0.09111952036619186,0.18108075857162476,1.1960856914520264
0.10679377615451813,0.1555524468421936,1.3014012575149536
-0.10679225623607635,0.1388896107673645,1.1330130100250244
-0.3144833445549011,0.21366456151008606,0.9784482717514038
-0.4558982849121094,0.34686920046806335,0.8236261010169983
0.14305105805397034,0.019119620323181152,1.105787754058838
0.27426207065582275,-0.09151381254196167,0.901078462600708
0.4215732216835022,-0.07934607565402985,0.715704083442688
