1.246631200046977e-06,-9.413197403773665e-06,0.7375871539115906
0.1270032376050949,-0.03346440568566322,0.7424769997596741
0.23833529651165009,0.22111764550209045,0.5368636846542358
0.1714925765991211,0.0671241283416748,0.11835432052612305
-0.12700219452381134,0.033457834273576736,0.7326369285583496
-0.04252813756465912,0.2950649857521057,0.5308784246444702
-0.03601557016372681,0.09102028608322144,0.1160287857055664
0.0009690867736935616,-0.018887534737586975,0.9635777473449707
0.039964862167835236,0.08203083276748657,1.192277193069458
0.06964308768510818,0.15644973516464233,1.263184666633606
0.052906349301338196,0.1095649003982544,1.3594069480895996
-0.08368556201457977,0.10414937138557434,1.1211369037628174
-0.15714427828788757,0.14280948042869568,0.8598846197128296
-0.031798288226127625,0.2853482961654663,0.8928172588348389
0.15160340070724487,0.02867487072944641,1.1173832416534424
0.22619569301605225,0.01753920316696167,0.8538640737533569
0.20793838798999786,0.21721920371055603,0.8879458904266357
