1.5358818927779794e-07,-9.147406672127545e-06,0.7375967502593994
0.12511640787124634,-0.04389779269695282,0.7428495287895203
0.19567064940929413,0.09314477443695068,0.49568670988082886
0.14044684171676636,-0.010300278663635254,0.06120485067367554
-0.1251152604818344,0.04389302060008049,0.7322720289230347
-0.07707099616527557,0.20543432235717773,0.489374041557312
-0.07177984714508057,0.07664066553115845,0.06274676322937012
0.0020209760405123234,-0.005517899990081787,0.9646990895271301
0.001181233674287796,0.00890621542930603,1.2003591060638428
0.036943867802619934,0.1016647219657898,1.248642921447754
0.015917427837848663,0.07023608684539795,1.329132080078125
-0.1258419305086136,0.06145960092544556,1.1632871627807617
-0.14837807416915894,0.22909200191497803,1.2782586812973022
-0.07661089301109314,0.23942255973815918,1.4665148258209229
0.13158461451530457,-0.029687315225601196,1.1690599918365479
0.23980259895324707,0.13672763109207153,1.3483456373214722
0.1741262972354889,0.16550803184509277,1.5370086431503296
