2.882366970879957e-06,-8.74189572641626e-06,0.7375869750976562
0.12481245398521423,-0.038069915026426315,0.7443795204162598
0.2438301146030426,0.22906331717967987,0.534595251083374
0.16360241174697876,0.07001376152038574,0.11641353368759155
-0.12481087446212769,0.03806242346763611,0.7307350039482117
-0.04567141830921173,0.3061199188232422,0.5273755192756653
-0.03964889794588089,0.08068782091140747,0.11891388893127441
0.004056986421346664,0.012731090188026428,0.961166262626648
0.04869791865348816,0.1468874216079712,1.1726679801940918
0.08968090265989304,0.2387142777442932,1.2143690586090088
0.08038327842950821,0.2179940938949585,1.327265739440918
-0.076497882604599,0.16561728715896606,1.100264549255371
-0.16370083391666412,0.19686949253082275,0.8416813015937805
-0.01539573073387146,0.33963295817375183,0.8501478433609009
0.1587161421775818,0.07921946048736572,1.1100256443023682
0.25204265117645264,0.03935912251472473,0.8556748032569885
0.22307157516479492,0.25989025831222534,0.8492313027381897
