9.317946023656987e-07,-7.845179425203241e-06,0.7375847101211548
0.1257469356060028,-0.03612940385937691,0.7447353005409241
0.22830618917942047,0.22241292893886566,0.5325541496276855
0.14201530814170837,0.04739505052566528,0.12335014343261719
-0.12574678659439087,0.03612011671066284,0.730380117893219
-0.053891316056251526,0.3045980930328369,0.5288313627243042
-0.04478780925273895,0.08259612321853638,0.12157607078552246
0.004734404385089874,0.021156802773475647,0.9604140520095825
0.04079125076532364,0.16804718971252441,1.160704255104065
0.07191295176744461,0.2728859484195709,1.1805202960968018
0.06651048362255096,0.27541476488113403,1.2970004081726074
-0.0853392630815506,0.17979544401168823,1.090038776397705
-0.16627857089042664,0.19847548007965088,0.8277368545532227
-0.008860468864440918,0.33511048555374146,0.8480324745178223
0.1543246954679489,0.10234558582305908,1.1060562133789062
0.2493472397327423,0.06788360327482224,0.8503848314285278
0.19592921435832977,0.2801872491836548,0.8520341515541077
