1.7263782865484245e-06,-9.907167623168789e-06,0.7375884056091309
0.12680964171886444,-0.03388041630387306,0.7421932816505432
0.2427959144115448,0.22307834029197693,0.5333898663520813
0.1764029860496521,0.06817638874053955,0.11466646194458008
-0.12680840492248535,0.03387414664030075,0.7329204082489014
-0.0444108247756958,0.29731857776641846,0.5279724597930908
-0.042014867067337036,0.09081929922103882,0.11437982320785522
0.0013411268591880798,-0.016171783208847046,0.9626564383506775
0.04754184931516647,0.07717674970626831,1.1937519311904907
0.08048250526189804,0.1512860655784607,1.2649846076965332
0.06381414830684662,0.10084974765777588,1.3604416847229004
-0.07608461380004883,0.1010640561580658,1.1231106519699097
-0.1525801569223404,0.14306855201721191,0.8597487211227417
-0.026538386940956116,0.27808886766433716,0.9080021381378174
0.15748357772827148,0.02465766668319702,1.1170073747634888
0.2342885583639145,0.016008704900741577,0.8528324365615845
0.21388256549835205,0.21669170260429382,0.890264093875885
