9.184632290271111e-07,-7.682419891352765e-06,0.7375913858413696
0.12476354837417603,-0.048356425017118454,0.7454147338867188
0.2212352454662323,0.11886155605316162,0.4777607321739197
0.1388174295425415,0.007306516170501709,0.048099637031555176
-0.12476545572280884,0.04834471642971039,0.7297062873840332
-0.0743056982755661,0.21048417687416077,0.48846566677093506
-0.0733993798494339,0.04705619812011719,0.057220518589019775
-0.011801579967141151,0.018383309245109558,0.951663613319397
0.033306434750556946,0.09259003400802612,1.1732840538024902
0.0949166864156723,0.1718112826347351,1.1984254121780396
0.11164584755897522,0.14394956827163696,1.3027050495147705
-0.10640840232372284,0.1330142617225647,1.1409999132156372
-0.32224321365356445,0.21519964933395386,1.0069011449813843
-0.47427427768707275,0.35368698835372925,0.8778895139694214
0.14381194114685059,0.011351466178894043,1.109351396560669
0.27685546875,-0.09972043335437775,0.9101768732070923
0.42662137746810913,-0.08415530622005463,0.7374987006187439
