2.7650003175949678e-06,-1.0749019565992057e-05,0.7375916838645935
0.12474723160266876,-0.04017999395728111,0.7446931004524231
0.24062423408031464,0.21672214567661285,0.5451411008834839
0.16717146337032318,0.08384144306182861,0.12012678384780884
-0.12474483251571655,0.0401742085814476,0.7304233908653259
-0.047401174902915955,0.28937453031539917,0.5399419069290161
-0.027110755443572998,0.08262944221496582,0.11857771873474121
0.0026127020828425884,-0.01050807535648346,0.9653905034065247
0.02859443798661232,0.09620457887649536,1.1925451755523682
0.07682783901691437,0.182289719581604,1.2248852252960205
0.07558795064687729,0.1664068102836609,1.3372687101364136
-0.08930543065071106,0.12686869502067566,1.1157338619232178
-0.15970073640346527,0.20133382081985474,0.8550123572349548
-0.00022745132446289062,0.29065757989883423,0.8813762664794922
0.14224982261657715,0.03327661752700806,1.1519627571105957
0.3030194342136383,0.09767618775367737,0.9746106863021851
0.18958643078804016,0.2058693766593933,1.1286572217941284
