-2.010585376410745e-06,-1.354639243800193e-05,0.9075741767883301
0.09921463578939438,-0.03782426938414574,0.9114385843276978
0.08430172502994537,-0.116668701171875,0.4689639210700989
0.031209871172904968,-0.2793036699295044,0.05547207593917847
-0.09921793639659882,0.03781011700630188,0.903622567653656
-0.12435750663280487,-0.03290867805480957,0.4614091217517853
-0.17382678389549255,-0.19563758373260498,0.049298226833343506
0.004288713447749615,-0.017797037959098816,1.134098768234253
0.03368328511714935,0.032135188579559326,1.3778996467590332
0.0740676149725914,0.11664953827857971,1.4384467601776123
0.07273206114768982,0.0989333987236023,1.5469608306884766
-0.0664147436618805,0.05995967984199524,1.3141376972198486
-0.17813962697982788,0.0936170369386673,1.0866796970367432
-0.06545558571815491,0.15895313024520874,1.1321337223052979
0.12246935069561005,-0.0192834734916687,1.3056840896606445
0.2366715967655182,-0.04560907930135727,1.0749083757400513
0.18431077897548676,0.10751484334468842,1.1600933074951172
