-1.583181983733084e-06,-1.2231117580085993e-05,0.907575249671936
0.1053059995174408,-0.03790653869509697,0.9108538627624512
0.0904955267906189,-0.11331009864807129,0.4702111780643463
0.037952110171318054,-0.28008079528808594,0.05184376239776611
-0.10530942678451538,0.037891510874032974,0.9042080640792847
-0.12962812185287476,-0.029699742794036865,0.4636620581150055
-0.17873379588127136,-0.19686996936798096,0.04925894737243652
0.0010618679225444794,-0.020106792449951172,1.133392333984375
0.02766219899058342,0.01840934157371521,1.3806264400482178
0.06599850952625275,0.10342133045196533,1.441314697265625
0.06367246806621552,0.08253669738769531,1.5471959114074707
-0.07898174226284027,0.0450575053691864,1.3223668336868286
-0.22906804084777832,0.08949197828769684,1.1430981159210205
-0.11658290028572083,0.1783708930015564,1.2030730247497559
0.12160186469554901,-0.03314864635467529,1.3150815963745117
0.2752878665924072,-0.07406795024871826,1.1397919654846191
0.23423928022384644,0.09971773624420166,1.2401952743530273
