-6.589880285901017e-07,-1.321663148701191e-05,0.9075798988342285
0.09968606382608414,-0.041391268372535706,0.9104000329971313
0.09472201764583588,-0.10549050569534302,0.4736676514148712
0.05401530861854553,-0.26183199882507324,0.05104130506515503
-0.09968931972980499,0.04137381166219711,0.9046633839607239
-0.12225708365440369,-0.006458103656768799,0.46861740946769714
-0.1703673005104065,-0.15041857957839966,0.0531730055809021
0.005510131828486919,-0.008262157440185547,1.1432849168777466
0.023281946778297424,0.01786881685256958,1.3850966691970825
0.0670163556933403,0.10780608654022217,1.434666395187378
0.06358949095010757,0.08458107709884644,1.5316853523254395
-0.08594308793544769,0.05021718144416809,1.3366504907608032
-0.22268050909042358,0.15650010108947754,1.3450628519058228
-0.1274215281009674,0.2175600230693817,1.4489169120788574
0.12241125106811523,-0.03142699599266052,1.3394339084625244
0.29611343145370483,-0.014931529760360718,1.3636465072631836
0.2514689266681671,0.11524468660354614,1.479082703590393
