-1.1301799531793222e-06,-1.3877666788175702e-05,0.9075796008110046
0.0995485931634903,-0.0431273877620697,0.9103513360023499
0.09736096858978271,-0.10701104998588562,0.47247135639190674
0.06547971069812775,-0.26479989290237427,0.04704684019088745
-0.09955168515443802,0.043110255151987076,0.9047123789787292
-0.12448275089263916,-0.005674421787261963,0.46930867433547974
-0.18409623205661774,-0.1474936604499817,0.05002480745315552
0.004143403843045235,-0.009301230311393738,1.1422792673110962
0.02002708427608013,0.01524263620376587,1.3839032649993896
0.06395115703344345,0.1057485044002533,1.436173677444458
0.058584269136190414,0.08347713947296143,1.5321592092514038
-0.08666695654392242,0.049280256032943726,1.3357973098754883
-0.2150508165359497,0.14943885803222656,1.3571481704711914
-0.13559429347515106,0.2143452763557434,1.488297939300537
0.11761356890201569,-0.035583943128585815,1.3382591009140015
0.2812216281890869,-0.021215736865997314,1.364107370376587
0.2501247227191925,0.10286694765090942,1.505152702331543
