-1.2852879081037827e-06,-1.3124019460519776e-05,0.9075841307640076
0.11109764873981476,-0.043381549417972565,0.9140411019325256
0.07554273307323456,-0.10380387306213379,0.4485812485218048
0.017550021409988403,-0.22965890169143677,0.010953068733215332
-0.11110066622495651,0.04336366057395935,0.901020348072052
-0.11891147494316101,-0.015581250190734863,0.4370245337486267
-0.1362314373254776,-0.14524126052856445,0.006045162677764893
-0.007226845249533653,-0.019918173551559448,1.1490275859832764
-0.003358682617545128,0.005067944526672363,1.4005773067474365
0.03927364945411682,0.0999605655670166,1.4572665691375732
0.0338892787694931,0.07456207275390625,1.5589244365692139
-0.11745895445346832,0.038495153188705444,1.3505873680114746
-0.28604745864868164,0.11729651689529419,1.3499618768692017
-0.1901230812072754,0.20262837409973145,1.458920955657959
0.10737907886505127,-0.048716843128204346,1.3522727489471436
0.3154328465461731,-0.08052954077720642,1.3371168375015259
0.2837132215499878,0.09000420570373535,1.4600915908813477
