3.3162086765514687e-07,-1.5143290511332452e-05,0.9075859189033508
0.10897677391767502,-0.043014734983444214,0.9127289652824402
0.08682028949260712,-0.09682118892669678,0.45076149702072144
0.023935973644256592,-0.22609901428222656,0.013106703758239746
-0.10897931456565857,0.04299749806523323,0.9023361206054688
-0.11259876191616058,-0.011302083730697632,0.4428378641605377
-0.14825767278671265,-0.14659231901168823,0.01423269510269165
-0.0037727556191384792,-0.011787757277488708,1.1482467651367188
-0.0021980702877044678,0.0035379230976104736,1.3946224451065063
0.04339176416397095,0.10650986433029175,1.446512222290039
0.03883880004286766,0.08682131767272949,1.546304702758789
-0.11530281603336334,0.039272040128707886,1.3492836952209473
-0.24158045649528503,0.13044142723083496,1.4099630117416382
-0.18876001238822937,0.20954149961471558,1.5678062438964844
0.10779308527708054,-0.04759576916694641,1.3556852340698242
0.27567148208618164,-0.03909081220626831,1.4180220365524292
0.27387017011642456,0.09593439102172852,1.5867805480957031
