-2.5762706172827166e-06,-1.0791878594318405e-05,0.9075697660446167
0.10511808842420578,-0.04057178646326065,0.9143124222755432
0.0767870545387268,-0.11047300696372986,0.45265620946884155
0.022814691066741943,-0.26761412620544434,0.024082481861114502
-0.10512149333953857,0.04055522382259369,0.9007471799850464
-0.12376880645751953,-0.028828978538513184,0.4391450881958008
-0.16848142445087433,-0.19236886501312256,0.016041338443756104
-0.009088121354579926,-0.021582797169685364,1.1460503339767456
0.018269967287778854,0.020842701196670532,1.393778681755066
0.05480048432946205,0.10430943965911865,1.4674638509750366
0.04946385696530342,0.07436162233352661,1.5704677104949951
-0.08470969647169113,0.050039321184158325,1.3263938426971436
-0.21783387660980225,0.0693674087524414,1.107445240020752
-0.135588139295578,0.15487030148506165,1.071142554283142
0.11179553717374802,-0.029551684856414795,1.323258638381958
0.22669626772403717,-0.08821900933980942,1.1068693399429321
0.22845548391342163,0.0471201166510582,1.0500428676605225
