-7.240068953251466e-07,-1.3868586393073201e-05,0.9075724482536316
0.1009591817855835,-0.03757401555776596,0.9132833480834961
0.0841086357831955,-0.11549779772758484,0.45819664001464844
0.034573763608932495,-0.2685678005218506,0.028875887393951416
-0.1009601503610611,0.037564296275377274,0.9017755389213562
-0.12263637781143188,-0.03719872236251831,0.44517746567726135
-0.169038325548172,-0.18993306159973145,0.018611490726470947
-0.0035713473334908485,-0.022159814834594727,1.141119122505188
0.019397728145122528,0.03209275007247925,1.3918371200561523
0.055194467306137085,0.11401927471160889,1.4613490104675293
0.048173289746046066,0.08776134252548218,1.5701444149017334
-0.08082419633865356,0.059398919343948364,1.3215216398239136
-0.1862007975578308,0.08315479755401611,1.0677154064178467
-0.06856310367584229,0.15482184290885925,1.1076762676239014
0.11206896603107452,-0.01651054620742798,1.3186380863189697
0.2106509506702423,-0.044673025608062744,1.0581433773040771
0.14801907539367676,0.08780169486999512,1.1137968301773071
