-1.6638596207485534e-06,-1.4272136468207464e-05,0.9075727462768555
0.09611564129590988,-0.03392176702618599,0.911935031414032
0.07463188469409943,-0.113250732421875,0.47189265489578247
0.020611226558685303,-0.27254319190979004,0.055649518966674805
-0.09611748158931732,0.03391038626432419,0.9031262993812561
-0.12183164060115814,-0.03096950054168701,0.46263110637664795
-0.17317695915699005,-0.1904768943786621,0.04841351509094238
0.0066940500400960445,-0.016403794288635254,1.1373705863952637
0.03592013567686081,0.039368510246276855,1.378920555114746
0.07156010717153549,0.12224218249320984,1.4390054941177368
0.07123398035764694,0.1041061282157898,1.5485765933990479
-0.061830051243305206,0.06285682320594788,1.3141818046569824
-0.168105810880661,0.08771614730358124,1.071885108947754
-0.055393606424331665,0.1409560889005661,1.1034183502197266
0.12276965379714966,-0.007781177759170532,1.3050917387008667
0.22353404760360718,-0.023725301027297974,1.0536589622497559
0.14718765020370483,0.1068621426820755,1.1241106986999512
