-9.391719686391298e-07,-1.4037919754628092e-05,0.9075722694396973
0.10098554193973541,-0.039718277752399445,0.9132598638534546
0.09118255972862244,-0.11981278657913208,0.4592171907424927
0.04252654314041138,-0.27845823764801025,0.03323256969451904
-0.10098728537559509,0.03970691189169884,0.9017992615699768
-0.11592331528663635,-0.03511530160903931,0.4480006992816925
-0.15759402513504028,-0.18456244468688965,0.02121180295944214
-0.007065154612064362,-0.021351024508476257,1.1454250812530518
0.02220357395708561,0.03263813257217407,1.3929728269577026
0.059704527258872986,0.1150505542755127,1.460336685180664
0.05423711612820625,0.08972835540771484,1.5693445205688477
-0.07761096954345703,0.06296202540397644,1.3268020153045654
-0.17671599984169006,0.08894205093383789,1.0708869695663452
-0.05630587041378021,0.1567286252975464,1.0989255905151367
0.11143574118614197,-0.0180509090423584,1.3157081604003906
0.19875052571296692,-0.03796184062957764,1.0516045093536377
0.1284153014421463,0.09680002927780151,1.112656831741333
