-1.7606103028811049e-06,-1.4286197256296873e-05,0.9075754284858704
0.097536601126194,-0.03853554278612137,0.9126706123352051
0.09302130341529846,-0.12131470441818237,0.47665494680404663
0.04894427955150604,-0.2818349599838257,0.05538797378540039
-0.09753943979740143,0.03852252662181854,0.9023909568786621
-0.13222646713256836,-0.029117077589035034,0.466567724943161
-0.18797767162322998,-0.17444753646850586,0.04230445623397827
0.0040616244077682495,-0.010248124599456787,1.1375670433044434
0.031377192586660385,0.04391774535179138,1.3792648315429688
0.06791079789400101,0.1247706413269043,1.44376802444458
0.06168103218078613,0.10423636436462402,1.5487474203109741
-0.06880538165569305,0.06984132528305054,1.3116360902786255
-0.16437622904777527,0.10149319469928741,1.0817381143569946
-0.07597871124744415,0.17437982559204102,1.1378328800201416
0.12039080262184143,-0.00793987512588501,1.3078864812850952
0.22754377126693726,-0.022370636463165283,1.0795271396636963
0.1670849621295929,0.1079714447259903,1.170256495475769
