-1.748201611917466e-06,-1.2465294275898486e-05,0.9075801372528076
0.10947862267494202,-0.04387592896819115,0.9130358695983887
0.08370304107666016,-0.1116262674331665,0.45399239659309387
0.027323320508003235,-0.25386345386505127,0.02011972665786743
-0.10948193818330765,0.043857768177986145,0.902028501033783
-0.12701746821403503,-0.008648395538330078,0.4467878043651581
-0.159510999917984,-0.14194637537002563,0.01598304510116577
0.00020590797066688538,-0.016660913825035095,1.1530678272247314
0.009112589061260223,-0.001356661319732666,1.4026615619659424
0.052296899259090424,0.0953216552734375,1.456563949584961
0.04843824729323387,0.07493013143539429,1.559041976928711
-0.10321582853794098,0.03185519576072693,1.3556604385375977
-0.23682790994644165,0.11438843607902527,1.3940263986587524
-0.15972977876663208,0.19523704051971436,1.5347555875778198
0.11702194809913635,-0.05377659201622009,1.3578970432281494
0.3045845329761505,-0.04308745265007019,1.3848273754119873
0.2735089361667633,0.10899287462234497,1.5369982719421387
