-1.995822458411567e-07,-1.3459124602377415e-05,0.9075788855552673
0.10049732029438019,-0.0422530472278595,0.9103552103042603
0.09262876212596893,-0.10667377710342407,0.4765796363353729
0.057820841670036316,-0.2712911367416382,0.05688345432281494
-0.10050029307603836,0.042235612869262695,0.9047075510025024
-0.12684598565101624,-0.004125654697418213,0.4714098572731018
-0.17793788015842438,-0.1497235894203186,0.056243836879730225
0.004736465401947498,-0.009728595614433289,1.1422088146209717
0.020228009670972824,0.015811651945114136,1.3842968940734863
0.06442102789878845,0.1052570641040802,1.4365350008010864
0.057544756680727005,0.08018094301223755,1.5328035354614258
-0.08794625848531723,0.049966514110565186,1.3351507186889648
-0.22196048498153687,0.15986108779907227,1.3504400253295898
-0.12076818943023682,0.21622765064239502,1.4523916244506836
0.11890196055173874,-0.03394708037376404,1.3391761779785156
0.28509193658828735,-0.014905393123626709,1.3668551445007324
0.236305832862854,0.11270362138748169,1.4804728031158447
