-7.264729902090039e-07,-1.1633634130703285e-05,0.9075722098350525
0.11549673229455948,-0.03470141440629959,0.9126178026199341
0.0800151377916336,-0.10300326347351074,0.45762890577316284
0.01865394413471222,-0.2528529167175293,0.03156179189682007
-0.11549864709377289,0.03468642383813858,0.9024428725242615
-0.1262465864419937,-0.03387492895126343,0.44763168692588806
-0.14535441994667053,-0.19570684432983398,0.02838379144668579
-0.005449497606605291,-0.03345198929309845,1.1389708518981934
0.016417253762483597,0.01012381911277771,1.3939284086227417
0.05342193692922592,0.10096216201782227,1.469326138496399
0.049440547823905945,0.067080557346344,1.5731573104858398
-0.09773240983486176,0.03135332465171814,1.3267852067947388
-0.24259397387504578,0.046372026205062866,1.085874319076538
-0.19581758975982666,0.17822417616844177,1.0657107830047607
0.1205563098192215,-0.04070696234703064,1.3242887258529663
0.24990516901016235,-0.11465892940759659,1.0846909284591675
0.29764455556869507,0.05873669683933258,1.0734937191009521
