-5.326683094608597e-07,-1.2747103028232232e-05,0.9075774550437927
0.11182919144630432,-0.046268247067928314,0.9155322909355164
0.07905881106853485,-0.1132548451423645,0.4560560882091522
-0.003340616822242737,-0.2512426972389221,0.0277632474899292
-0.11183048784732819,0.0462532602250576,0.8995283246040344
-0.11613185703754425,-0.02072739601135254,0.4393584728240967
-0.13203074038028717,-0.17927253246307373,0.01663881540298462
-0.012780695222318172,-0.029855400323867798,1.1450492143630981
0.00040932372212409973,-0.0031601786613464355,1.400094747543335
0.03747112676501274,0.08455568552017212,1.466728925704956
0.030733197927474976,0.05223727226257324,1.569765329360962
-0.1129031777381897,0.03440338373184204,1.3449904918670654
-0.2867748737335205,0.11503338813781738,1.2355687618255615
-0.19537246227264404,0.20442742109298706,1.3290033340454102
0.10863889753818512,-0.060287415981292725,1.3425575494766235
0.31170105934143066,-0.11390592157840729,1.2229900360107422
0.304174542427063,0.06168496608734131,1.3355276584625244
