-4.366938810562715e-06,-1.3303470041137189e-05,0.8994056582450867
0.06985898315906525,-0.0315459668636322,0.9025748372077942
0.04347763955593109,-0.09154379367828369,0.45573800802230835
-0.007535010576248169,-0.20371174812316895,0.024942100048065186
-0.06986436992883682,0.03153222054243088,0.8961281776428223
-0.1194218322634697,-0.03173211216926575,0.44945067167282104
-0.18413212895393372,-0.1540173888206482,0.02751600742340088
-0.019090155139565468,-0.021952778100967407,1.1303651332855225
0.0008823014795780182,0.006007164716720581,1.3767436742782593
0.029640812426805496,0.07461655139923096,1.443368673324585
0.03180577605962753,0.05128049850463867,1.544609546661377
-0.061921387910842896,0.02352726459503174,1.313382863998413
-0.13487838208675385,0.0037347525358200073,1.0754433870315552
-0.15858682990074158,0.05963774770498276,0.9814218282699585
0.061666928231716156,-0.03703129291534424,1.3049561977386475
0.20030182600021362,-0.13052766025066376,1.0951392650604248
0.3720415234565735,-0.08327656984329224,1.0068830251693726
