-2.0068273443030193e-07,-1.6366546333301812e-05,0.8994112610816956
0.07227873802185059,-0.02687397040426731,0.8999989628791809
0.011841610074043274,-0.11735117435455322,0.4588123559951782
-0.056080833077430725,-0.24013853073120117,0.03383970260620117
-0.07228252291679382,0.026857975870370865,0.898704469203949
-0.13815933465957642,-0.014787226915359497,0.46312835812568665
-0.21441149711608887,-0.1192406415939331,0.041916728019714355
-0.009217278100550175,-0.017122313380241394,1.131529688835144
-0.011410631239414215,0.029242485761642456,1.3780862092971802
0.013756398111581802,0.09374946355819702,1.442812442779541
0.011311754584312439,0.06335294246673584,1.5427875518798828
-0.08618178963661194,0.03997945785522461,1.298569917678833
-0.19663766026496887,0.04631011188030243,1.0792979001998901
-0.31154555082321167,0.14517518877983093,0.9661779403686523
0.05825142562389374,-0.010069936513900757,1.326730489730835
0.17531704902648926,-0.08305001258850098,1.1653605699539185
0.3447566032409668,-0.04517049342393875,1.068528175354004
