-2.6319248718209565e-06,-1.284269819734618e-05,0.8993903398513794
0.09545525908470154,-0.03679604455828667,0.9041785001754761
0.1091582328081131,-0.12427705526351929,0.46384263038635254
0.09518775343894958,-0.2912641763687134,0.04663187265396118
-0.09545682370662689,0.0367838516831398,0.8945224285125732
-0.10882236063480377,-0.046947360038757324,0.4546267092227936
-0.12566322088241577,-0.2031291127204895,0.029262542724609375
-0.005184916313737631,-0.02592886984348297,1.1307004690170288
0.02714272402226925,0.013926029205322266,1.3817760944366455
0.06915652006864548,0.08851462602615356,1.4505594968795776
0.06685482710599899,0.0636681318283081,1.5565013885498047
-0.06513091921806335,0.03702497482299805,1.3162561655044556
-0.16170576214790344,0.0466567724943161,1.0602422952651978
-0.12374985218048096,0.12016188353300095,1.028717041015625
0.10902342200279236,-0.02892407774925232,1.30584716796875
0.19415582716464996,-0.051872074604034424,1.035292148590088
0.11968192458152771,0.074351966381073,1.030601143836975
