-1.6642607079120353e-06,-1.2367145245661959e-05,0.8993944525718689
0.08670294284820557,-0.03953283652663231,0.9020501971244812
0.05027718096971512,-0.12651193141937256,0.4707472324371338
-0.015433184802532196,-0.2574690580368042,0.04931920766830444
-0.08670715987682343,0.03951697424054146,0.8966520428657532
-0.13082754611968994,-0.010330945253372192,0.46463072299957275
-0.19249941408634186,-0.13271749019622803,0.04568445682525635
-0.00564628466963768,-0.029648855328559875,1.1279492378234863
7.821619510650635e-05,0.017441153526306152,1.3766969442367554
0.02618613839149475,0.08716261386871338,1.445239543914795
0.0239542406052351,0.06502699851989746,1.5476269721984863
-0.08842252194881439,0.03751569986343384,1.3036458492279053
-0.20274032652378082,0.03580234944820404,1.0442458391189575
-0.25671282410621643,0.10223878920078278,0.8507416844367981
0.08134207129478455,-0.0306817889213562,1.3069603443145752
0.17405688762664795,-0.09752096235752106,1.0497021675109863
0.2196681797504425,-0.04046095907688141,0.845448911190033
