-3.3906762837432325e-06,-1.185646397061646e-05,0.8993948101997375
0.08969864249229431,-0.04370484501123428,0.9076753854751587
0.09301510453224182,-0.12660855054855347,0.47057631611824036
0.05448320508003235,-0.26156842708587646,0.04467642307281494
-0.08970168977975845,0.04368962347507477,0.8910283446311951
-0.10873069614171982,-0.038208842277526855,0.46296244859695435
-0.13804376125335693,-0.1948832869529724,0.044860780239105225
-0.01518130674958229,-0.021770939230918884,1.1304935216903687
-0.0076291486620903015,0.006177753210067749,1.379288911819458
0.029493536800146103,0.08454787731170654,1.4463201761245728
0.028456803411245346,0.051868438720703125,1.5480679273605347
-0.08995190262794495,0.03932929039001465,1.310167908668518
-0.16625915467739105,0.08138912916183472,1.0469343662261963
-0.1310056746006012,0.15661518275737762,0.9778717756271362
0.06201169639825821,-0.03798919916152954,1.3099645376205444
0.07500431686639786,-0.03550322353839874,1.0603289604187012
0.008982924744486809,0.03429520130157471,0.9542333483695984
