-2.328443770238664e-06,-1.2517044524429366e-05,0.8993943929672241
0.07736127078533173,-0.06474065780639648,0.9073968529701233
0.06385241448879242,-0.13256198167800903,0.4624531865119934
-0.014914289116859436,-0.2494438886642456,0.033950209617614746
-0.07736465334892273,0.0647270679473877,0.8913055062294006
-0.11699528992176056,-0.007078826427459717,0.4505985379219055
-0.24430398643016815,-0.14599508047103882,0.0385933518409729
-0.029065856710076332,-0.011347144842147827,1.1319267749786377
0.003964029252529144,0.013674318790435791,1.3810248374938965
0.06266450881958008,0.07831352949142456,1.449219822883606
0.05358351767063141,0.05751711130142212,1.5571203231811523
-0.06423881649971008,0.07561221718788147,1.318562388420105
-0.12765541672706604,0.13392755389213562,1.0602262020111084
-0.025044173002243042,0.12091165781021118,1.0720423460006714
0.056782908737659454,-0.060811787843704224,1.3004099130630493
0.123829185962677,-0.11811363697052002,1.0357874631881714
0.19346089661121368,-0.039232850074768066,1.0606073141098022
