-6.1220389397931285e-06,-9.651557775214314e-06,0.8993978500366211
0.04912526160478592,-0.08223870396614075,0.9048511981964111
0.025056317448616028,-0.13208413124084473,0.45076295733451843
-0.1077503189444542,-0.20781981945037842,0.020924866199493408
-0.04913453757762909,0.08221511542797089,0.8938526511192322
-0.11633007973432541,0.023395955562591553,0.44680851697921753
-0.29621145129203796,-0.07122892141342163,0.03760933876037598
-0.05706220120191574,0.0008669197559356689,1.1340688467025757
-0.06060636043548584,0.025980144739151,1.380340337753296
0.0025322437286376953,0.0834805965423584,1.4510116577148438
-0.025966525077819824,0.07241511344909668,1.5536353588104248
-0.07258633524179459,0.09428071975708008,1.313618540763855
-0.003379266709089279,0.11389622092247009,1.0549583435058594
0.04604099690914154,0.03714822977781296,0.8944461345672607
-0.04764783754944801,-0.06213155388832092,1.3109604120254517
-0.001673426479101181,-0.1728876531124115,1.0582555532455444
0.07353189587593079,-0.13894572854042053,0.8900721073150635
