-1.970480298041366e-06,-1.1318858014419675e-05,0.8993918895721436
0.10307198762893677,-0.028737397864460945,0.9001879692077637
0.09906625747680664,-0.10284075140953064,0.4699671268463135
0.07556083798408508,-0.26117706298828125,0.05040907859802246
-0.10307546705007553,0.02872091718018055,0.8985137343406677
-0.11062699556350708,-0.04495871067047119,0.46620482206344604
-0.11845922470092773,-0.19519293308258057,0.04246002435684204
0.0019227759912610054,-0.04154518246650696,1.1280064582824707
0.03071083128452301,0.00039836764335632324,1.3747154474258423
0.06009048968553543,0.07882672548294067,1.4414786100387573
0.06660974025726318,0.054997146129608154,1.544639229774475
-0.07406388223171234,0.014766812324523926,1.3134880065917969
-0.21542438864707947,0.009155169129371643,1.058918833732605
-0.27322763204574585,0.08271265029907227,0.8444216847419739
0.12067518383264542,-0.04247906804084778,1.296330213546753
0.20674322545528412,-0.09671401232481003,1.0288019180297852
0.23981380462646484,-0.01714898645877838,0.8433820009231567
