-1.6052053979365155e-06,-1.202313433168456e-05,0.8993968963623047
0.05585949122905731,-0.06771539896726608,0.903130829334259
0.026700586080551147,-0.12283414602279663,0.45131492614746094
-0.09965803474187851,-0.20625066757202148,0.02685791254043579
-0.055866777896881104,0.06769638508558273,0.8955724835395813
-0.11805379390716553,0.0031470060348510742,0.45488229393959045
-0.27788153290748596,-0.10104554891586304,0.04446399211883545
-0.052964404225349426,-0.004124939441680908,1.1312272548675537
-0.05659902095794678,0.01839730143547058,1.376758337020874
-0.0019919276237487793,0.07126307487487793,1.4450228214263916
-0.0259629487991333,0.061276376247406006,1.5494606494903564
-0.08187771588563919,0.07981079816818237,1.309276819229126
-0.01470436155796051,0.11414963006973267,1.0549485683441162
0.0747351348400116,0.04452760890126228,0.8856344819068909
-0.027526531368494034,-0.059425801038742065,1.3052202463150024
0.04433432221412659,-0.16754324734210968,1.0583267211914062
0.15436558425426483,-0.14614225924015045,0.8874935507774353
