-1.1168731361976825e-06,-1.2798420357285067e-05,0.8993952870368958
0.07176670432090759,-0.06833306699991226,0.9079126715660095
0.06039635092020035,-0.135349303483963,0.46342670917510986
-0.02357664704322815,-0.24277222156524658,0.0340232253074646
-0.07177039980888367,0.06831897795200348,0.8907902836799622
-0.11261257529258728,-0.004698693752288818,0.45070579648017883
-0.2552149295806885,-0.1431652307510376,0.04218238592147827
-0.030570361763238907,-0.011014670133590698,1.1311336755752563
0.0006511453539133072,0.009984493255615234,1.3814265727996826
0.059334978461265564,0.07418686151504517,1.4519038200378418
0.04897838085889816,0.05266451835632324,1.5580461025238037
-0.060263752937316895,0.07717135548591614,1.3203109502792358
-0.11497640609741211,0.14150851964950562,1.060490369796753
-0.012562774121761322,0.12407401204109192,1.0725747346878052
0.04772789776325226,-0.06697395443916321,1.2997835874557495
0.11794131994247437,-0.12581488490104675,1.034639596939087
0.19857636094093323,-0.046119324862957,1.0642461776733398
