-3.1896815926302224e-06,-1.1220283340662718e-05,0.89939284324646
0.09200474619865417,-0.007408465258777142,0.8977422118186951
0.03681398928165436,-0.09738332033157349,0.4558769762516022
-0.026695922017097473,-0.2242567539215088,0.02445751428604126
-0.09201008081436157,0.0073876092210412025,0.9009597301483154
-0.17420710623264313,-0.015514880418777466,0.4627492129802704
-0.2321920394897461,-0.1334853172302246,0.02564215660095215
0.020008858293294907,-0.03414776921272278,1.1352901458740234
0.019843630492687225,-0.005682110786437988,1.3863499164581299
0.02653403952717781,0.06385636329650879,1.4618743658065796
0.042467497289180756,0.04051971435546875,1.5603290796279907
-0.04951419681310654,-0.030693233013153076,1.3155783414840698
-0.12438376247882843,-0.06654025614261627,1.0376746654510498
-0.19232580065727234,-0.04217749089002609,0.8144710659980774
0.08294189721345901,0.0006876885890960693,1.3160433769226074
0.09349007904529572,0.017443537712097168,1.0556501150131226
0.028966041281819344,0.06098111718893051,0.8686468005180359
