-2.6527168301981874e-06,-1.1964395525865257e-05,0.8993951678276062
0.09035126864910126,-0.04093901067972183,0.9045464396476746
0.05578489601612091,-0.1149224042892456,0.4597744345664978
-0.013938024640083313,-0.23569059371948242,0.02845531702041626
-0.09035664796829224,0.040921568870544434,0.8941538333892822
-0.13520033657550812,-0.004444748163223267,0.45360660552978516
-0.2522331476211548,-0.1139799952507019,0.036207497119903564
-0.018245428800582886,-0.03194043040275574,1.1299066543579102
-0.0027358178049325943,0.0070378780364990234,1.378973364830017
0.0265972763299942,0.08016759157180786,1.4477826356887817
0.026657432317733765,0.05185544490814209,1.5508579015731812
-0.08768855035305023,0.03324258327484131,1.3118536472320557
-0.19238942861557007,0.035169392824172974,1.047776699066162
-0.20874139666557312,0.08532629907131195,0.8251208066940308
0.07431937009096146,-0.03880050778388977,1.3002119064331055
0.160566046833992,-0.10536693036556244,1.0375620126724243
0.23055557906627655,-0.051423072814941406,0.8563272356987
