-3.719979758898262e-06,-1.0877549357246608e-05,0.899393618106842
0.08526109158992767,-0.01810067519545555,0.9002999663352966
0.09162037074565887,-0.10907891392707825,0.46071040630340576
0.07622210681438446,-0.25085508823394775,0.039826035499572754
-0.0852648913860321,0.018083609640598297,0.8984026908874512
-0.10660889744758606,-0.056382209062576294,0.4614630937576294
-0.1232680231332779,-0.19235599040985107,0.03616011142730713
0.006185395643115044,-0.033148616552352905,1.129788875579834
0.01382510643452406,-0.004115164279937744,1.3837261199951172
0.031407833099365234,0.06397581100463867,1.4497685432434082
0.03853043168783188,0.03732365369796753,1.549276351928711
-0.0626005306839943,-0.004100710153579712,1.3138467073440552
-0.1901797354221344,-0.00979188084602356,1.073563575744629
-0.28572016954421997,0.08680395781993866,0.9684855937957764
0.0774635598063469,-0.021707594394683838,1.3199923038482666
0.07542656362056732,-0.026980489492416382,1.0788213014602661
0.013632277026772499,0.010963398963212967,0.9495133757591248
