-3.7706249713664874e-06,-1.27189232443925e-05,0.8993943929672241
0.09424306452274323,-0.03859088197350502,0.908216118812561
0.10410797595977783,-0.12275487184524536,0.470872163772583
0.07357093691825867,-0.2627044916152954,0.04214960336685181
-0.09424594044685364,0.03857634961605072,0.8904879093170166
-0.10274741053581238,-0.044594794511795044,0.4600159525871277
-0.11778813600540161,-0.19907528162002563,0.03713417053222656
-0.011411426588892937,-0.022671550512313843,1.1309574842453003
-0.0037300027906894684,0.00998339056968689,1.3783502578735352
0.031578462570905685,0.09051352739334106,1.445122241973877
0.032397590577602386,0.05771982669830322,1.5489842891693115
-0.08875386416912079,0.03594216704368591,1.3089598417282104
-0.1591816246509552,0.05709990859031677,1.039591908454895
-0.14340630173683167,0.11621721088886261,0.9549444317817688
0.07061176002025604,-0.02819034457206726,1.3077116012573242
0.07808506488800049,-0.01836460828781128,1.050243616104126
0.002956714481115341,0.05171867832541466,0.9497158527374268
