1.6873464119271375e-06,-1.29027794173453e-05,0.8993934392929077
0.09083633869886398,-0.052368663251399994,0.9104008078575134
0.1285628378391266,-0.12359446287155151,0.465839684009552
0.12260574102401733,-0.27099448442459106,0.03778982162475586
-0.090838722884655,0.0523526668548584,0.8883004784584045
-0.09879244118928909,-0.04374757409095764,0.4452305734157562
-0.12551918625831604,-0.20192193984985352,0.022510826587677002
-0.02852822281420231,-0.02806207537651062,1.131961464881897
0.010811026208102703,0.003263533115386963,1.3756389617919922
0.0679352805018425,0.06135350465774536,1.4374089241027832
0.06312988698482513,0.04938894510269165,1.5440791845321655
-0.07115711271762848,0.053249508142471313,1.308854103088379
-0.17007726430892944,0.08140623569488525,1.0509885549545288
-0.1632712483406067,0.10963711142539978,0.8353272080421448
0.07684051990509033,-0.06883355975151062,1.2997264862060547
0.1605091094970703,-0.16024282574653625,1.0364854335784912
0.23326602578163147,-0.08843386173248291,0.8463731408119202
