-2.378927092649974e-06,-1.227374013978988e-05,0.8993961811065674
0.09077149629592896,-0.033633969724178314,0.9070885181427002
0.09758846461772919,-0.11165577173233032,0.46858641505241394
0.0875626653432846,-0.2957165241241455,0.06266587972640991
-0.09077577292919159,0.03361743316054344,0.8916133642196655
-0.10461254417896271,-0.03720399737358093,0.45021289587020874
-0.11010990291833878,-0.1773531436920166,0.024312198162078857
-0.016843602061271667,-0.03223125636577606,1.1296552419662476
-0.00048667751252651215,0.007213473320007324,1.3802869319915771
0.032861270010471344,0.07559704780578613,1.4500765800476074
0.02550865337252617,0.04960787296295166,1.551936149597168
-0.08842916041612625,0.029502153396606445,1.3074297904968262
-0.1930575966835022,0.030282974243164062,1.0548722743988037
-0.21307091414928436,0.07923431694507599,0.8624184131622314
0.08148939907550812,-0.04201814532279968,1.310715913772583
0.19681265950202942,-0.11960962414741516,1.0634288787841797
0.26548099517822266,-0.04663316160440445,0.8853042721748352
