-4.557863576337695e-06,-1.1390035069780424e-05,0.8993964195251465
0.08946149796247482,-0.02137518860399723,0.8966200351715088
0.023289605975151062,-0.10150593519210815,0.46157822012901306
-0.0524555966258049,-0.22107404470443726,0.035898685455322266
-0.08946588635444641,0.02135797217488289,0.9020814895629883
-0.17502272129058838,-0.013466507196426392,0.46674278378486633
-0.24283401668071747,-0.12830519676208496,0.03928500413894653
0.008888764306902885,-0.03432019054889679,1.1332734823226929
0.022548560053110123,-0.0031199753284454346,1.3842610120773315
0.03928958252072334,0.07314509153366089,1.4514985084533691
0.051071494817733765,0.04479891061782837,1.5524190664291382
-0.062334537506103516,-0.004816770553588867,1.3210411071777344
-0.1817987710237503,-0.01701699197292328,1.0646687746047974
-0.26138177514076233,0.06383281201124191,0.8792195916175842
0.09387578070163727,-0.02051892876625061,1.3090566396713257
0.10519640147686005,-0.024544373154640198,1.054739236831665
0.03125888481736183,0.02876441553235054,0.8853650093078613
