-3.6458468457567506e-06,-1.1192179954377934e-05,0.8993931412696838
0.09166926890611649,-0.007844366133213043,0.8974882960319519
0.034781940281391144,-0.09877428412437439,0.45603445172309875
-0.03179577738046646,-0.22567105293273926,0.026455163955688477
-0.09167458862066269,0.007824122905731201,0.9012138843536377
-0.17400658130645752,-0.014705926179885864,0.46432745456695557
-0.23271164298057556,-0.13183283805847168,0.028354227542877197
0.01926347054541111,-0.03369627892971039,1.134714961051941
0.01927894726395607,-0.005376666784286499,1.3865447044372559
0.02604452520608902,0.06504291296005249,1.4616014957427979
0.042762432247400284,0.04078352451324463,1.5614750385284424
-0.05220133066177368,-0.030152469873428345,1.316608190536499
-0.13089895248413086,-0.06012636423110962,1.0427703857421875
-0.19906401634216309,-0.02908080816268921,0.8261459469795227
0.08290272206068039,0.0018096864223480225,1.3153164386749268
0.08214887231588364,0.02468372881412506,1.0558784008026123
0.008570170029997826,0.06190513074398041,0.8802348971366882
