-2.24959512706846e-06,-1.1238516890443861e-05,0.8993918299674988
0.10574869811534882,-0.02374180220067501,0.900830864906311
0.09868478775024414,-0.08254075050354004,0.45400673151016235
0.07042936980724335,-0.212563157081604,0.021646976470947266
-0.10575325787067413,0.023727217689156532,0.897869348526001
-0.12917391955852509,-0.0518781840801239,0.4515092968940735
-0.17583857476711273,-0.20271563529968262,0.031086504459381104
-0.007852683775126934,-0.028840303421020508,1.1287307739257812
0.015658264979720116,0.0226709246635437,1.3748269081115723
0.03758680820465088,0.10551637411117554,1.4416882991790771
0.04277496039867401,0.0850479006767273,1.5462669134140015
-0.08633464574813843,0.03556361794471741,1.3118098974227905
-0.22372964024543762,0.04513935744762421,1.0669935941696167
-0.16451266407966614,0.1390133798122406,1.003615379333496
0.10534730553627014,-0.016710221767425537,1.296411156654358
0.19210457801818848,-0.07809692621231079,1.0236608982086182
0.22796764969825745,0.005854025483131409,0.8246809244155884
