-4.1223156586056575e-06,-1.3578024663729593e-05,0.8994091749191284
0.07093310356140137,-0.022988954558968544,0.9022119045257568
0.04389641433954239,-0.08698946237564087,0.45587676763534546
0.011276431381702423,-0.20760822296142578,0.026109755039215088
-0.07093839347362518,0.022974226623773575,0.8964921236038208
-0.11766574531793594,-0.043075621128082275,0.45131173729896545
-0.1671060025691986,-0.1645919680595398,0.027177155017852783
-0.013467207551002502,-0.023845866322517395,1.1318435668945312
0.010562947019934654,0.00699007511138916,1.3777399063110352
0.032892923802137375,0.07506227493286133,1.4426298141479492
0.041266296058893204,0.04796844720840454,1.5448366403579712
-0.057251885533332825,0.015337735414505005,1.315291166305542
-0.1510145366191864,-0.004020243883132935,1.1010736227035522
-0.24263641238212585,0.07236641645431519,0.9750118255615234
0.07524482905864716,-0.02726694941520691,1.3068219423294067
0.20968258380889893,-0.11032000184059143,1.1068702936172485
0.3745293617248535,-0.06394181400537491,1.0171339511871338
