-3.160247615596745e-06,-1.1133659427287057e-05,0.8993936777114868
0.10653483867645264,-0.02135258913040161,0.9038111567497253
0.08693389594554901,-0.08329242467880249,0.45990175008773804
0.060346901416778564,-0.2225651741027832,0.027525484561920166
-0.10653939843177795,0.021337654441595078,0.8948906064033508
-0.1499602496623993,-0.03803250193595886,0.45145994424819946
-0.19669780135154724,-0.18599933385849,0.030546605587005615
-0.005242078565061092,-0.02748030424118042,1.1311612129211426
0.018756341189146042,0.02086731791496277,1.3776638507843018
0.03891725093126297,0.10650217533111572,1.4469995498657227
0.04068208113312721,0.08198034763336182,1.550199270248413
-0.08413644134998322,0.027358710765838623,1.3131966590881348
-0.19115999341011047,6.885826587677002e-05,1.052987813949585
-0.15362755954265594,0.04220578819513321,0.8813157081604004
0.11665289103984833,-0.013319969177246094,1.2989091873168945
0.2608463764190674,-0.06382685899734497,1.0432767868041992
0.35925599932670593,0.019250446930527687,0.8993673324584961
