-1.3505859897122718e-07,-1.3822384062223136e-05,0.899395763874054
0.09567886590957642,0.01487373374402523,0.9025194644927979
0.1176370233297348,-0.06907308101654053,0.453755259513855
0.15464860200881958,-0.22623133659362793,0.024969100952148438
-0.09568431228399277,-0.014895150437951088,0.8961821794509888
-0.1031523197889328,-0.08904802799224854,0.4505130648612976
-0.08172080665826797,-0.24638819694519043,0.015576422214508057
0.026273734867572784,-0.03506326675415039,1.133494257926941
0.0393059179186821,-0.011417955160140991,1.3835397958755493
0.04201291874051094,0.07000738382339478,1.4583173990249634
0.060724519193172455,0.04415518045425415,1.5554883480072021
-0.02059737965464592,-0.04929769039154053,1.3101470470428467
-0.06600409001111984,-0.10023142397403717,1.042035460472107
-0.11042959243059158,-0.07008659839630127,0.8481729626655579
0.08828753232955933,0.006943374872207642,1.3191620111465454
0.07053247094154358,0.01242750883102417,1.0811986923217773
0.04488063603639603,-0.010868199169635773,1.012668490409851
