-2.1243104129098356e-06,-1.3475888408720493e-05,0.8993939161300659
0.08995133638381958,-0.057146914303302765,0.9061877727508545
0.07394605875015259,-0.12640303373336792,0.46469882130622864
0.009988322854042053,-0.26184165477752686,0.03819042444229126
-0.0899537056684494,0.0571352057158947,0.8925133943557739
-0.13291427493095398,-0.005811452865600586,0.45318812131881714
-0.2157779484987259,-0.14653640985488892,0.03277409076690674
-0.021716412156820297,-0.015233874320983887,1.1339677572250366
0.014455270953476429,0.019907355308532715,1.3798918724060059
0.07307106256484985,0.08402121067047119,1.443219780921936
0.0682917982339859,0.0638313889503479,1.5518501996994019
-0.06785911321640015,0.07225432991981506,1.3194361925125122
-0.13294793665409088,0.12539106607437134,1.059497356414795
-0.02685815840959549,0.11929020285606384,1.0617631673812866
0.0816955715417862,-0.046329647302627563,1.2996501922607422
0.15354837477207184,-0.08542383462190628,1.0354522466659546
0.1279830038547516,0.010941758751869202,1.04214346408844
