-2.7553205654839985e-06,-1.3224558642832562e-05,0.8994049429893494
0.08927860856056213,-0.02254556491971016,0.9000943303108215
0.0950218141078949,-0.0870819091796875,0.45212578773498535
0.07341502606868744,-0.2183701992034912,0.03016185760498047
-0.08928491920232773,0.022529104724526405,0.8986098766326904
-0.11537739634513855,-0.06607711315155029,0.45455068349838257
-0.1613771766424179,-0.21629804372787476,0.04095041751861572
-0.005161747336387634,-0.02852731943130493,1.1320478916168213
0.020173657685518265,0.00798499584197998,1.3806875944137573
0.0429086834192276,0.0833054780960083,1.444110631942749
0.0478004515171051,0.0499996542930603,1.5457961559295654
-0.06831300258636475,0.018636643886566162,1.3250082731246948
-0.20155069231987,0.018235698342323303,1.1158355474472046
-0.30529776215553284,0.11115695536136627,0.9696298241615295
0.0974581241607666,-0.030385851860046387,1.3063410520553589
0.20876812934875488,-0.09733110666275024,1.086258888244629
0.339976042509079,-0.025944922119379044,0.9686176180839539
