-2.737278919084929e-07,-1.5931527741486207e-05,0.899409294128418
0.07196344435214996,-0.025859609246253967,0.900139331817627
0.014869801700115204,-0.11805382370948792,0.45919108390808105
-0.04887022078037262,-0.24324947595596313,0.03463542461395264
-0.07196726649999619,0.02584322914481163,0.8985637426376343
-0.13511572778224945,-0.018341243267059326,0.4629620313644409
-0.20741407573223114,-0.12407791614532471,0.040884435176849365
-0.007013564929366112,-0.018205195665359497,1.1315205097198486
-0.008630286902189255,0.02765628695487976,1.3794233798980713
0.0158546045422554,0.09184259176254272,1.4434921741485596
0.015663282945752144,0.06093919277191162,1.543784737586975
-0.0832880288362503,0.03701537847518921,1.2988979816436768
-0.202604740858078,0.044424474239349365,1.0807615518569946
-0.31995153427124023,0.15066486597061157,0.9734660387039185
0.05955123528838158,-0.009847074747085571,1.328869342803955
0.16832317411899567,-0.08125673234462738,1.165968894958496
0.32271742820739746,-0.03838775306940079,1.073319911956787
