9.478617357672192e-08,-1.2736265489365906e-05,0.8993935585021973
0.08928051590919495,-0.05324014276266098,0.9026228785514832
0.047035835683345795,-0.12646523118019104,0.4663178622722626
-0.05337700992822647,-0.2433987855911255,0.03940683603286743
-0.08928567171096802,0.053223565220832825,0.8960789442062378
-0.11233288049697876,-0.0006930232048034668,0.46066612005233765
-0.2147599309682846,-0.1215822696685791,0.04252326488494873
-0.019002746790647507,-0.02883477509021759,1.128235101699829
-0.008710907772183418,0.0167216956615448,1.3744664192199707
0.026088781654834747,0.09103292226791382,1.4437226057052612
0.015372982248663902,0.07126951217651367,1.5456311702728271
-0.09539218991994858,0.05296120047569275,1.3008687496185303
-0.18014779686927795,0.06100909411907196,1.0288701057434082
-0.17631211876869202,0.11516250669956207,0.8094679117202759
0.07098859548568726,-0.0461442768573761,1.3047025203704834
0.1670565903186798,-0.12555956840515137,1.0475693941116333
0.2135731279850006,-0.06314833462238312,0.8453992605209351
