-4.286354851501528e-06,-1.0683746950235218e-05,0.8993919491767883
0.09572723507881165,-0.009178463369607925,0.8981587290763855
0.040395587682724,-0.09157747030258179,0.4539063274860382
-0.026772014796733856,-0.22635746002197266,0.02256828546524048
-0.09573318064212799,0.009157095104455948,0.9005428552627563
-0.17562879621982574,-0.012569904327392578,0.4586225748062134
-0.234120175242424,-0.13442569971084595,0.022179782390594482
0.01260099932551384,-0.03600814938545227,1.1352033615112305
0.013449796475470066,-0.003286689519882202,1.385803461074829
0.021168868988752365,0.07163029909133911,1.4622358083724976
0.03721717372536659,0.047437429428100586,1.559326171875
-0.05784419924020767,-0.02647736668586731,1.3128434419631958
-0.11812779307365417,-0.07192812114953995,1.0294713973999023
-0.17527636885643005,-0.05070312321186066,0.8022019863128662
0.08248420804738998,-0.0017363131046295166,1.3161842823028564
0.12413939833641052,-0.004759505391120911,1.0526727437973022
0.091986283659935,0.054575979709625244,0.8542224168777466
