-6.3480028984486125e-06,-1.0532978194532916e-05,0.8993965983390808
0.0493992418050766,-0.08386644721031189,0.9031457901000977
0.02877563238143921,-0.13529929518699646,0.4489937722682953
-0.10367430746555328,-0.2141878604888916,0.019159793853759766
-0.04940921068191528,0.08384063839912415,0.8955570459365845
-0.1168539896607399,0.030314534902572632,0.4453192353248596
-0.3034285306930542,-0.06944483518600464,0.03701770305633545
-0.050729356706142426,0.0016679763793945312,1.133675217628479
-0.05623850226402283,0.02937471866607666,1.3807897567749023
0.011738479137420654,0.0902550220489502,1.4487727880477905
-0.014494456350803375,0.08291178941726685,1.5518659353256226
-0.06764531135559082,0.09139937162399292,1.3145430088043213
-0.029210999608039856,0.09732483327388763,1.0599161386489868
-0.02185172215104103,0.040778398513793945,0.9133967161178589
-0.05096566677093506,-0.05516901612281799,1.310492992401123
-0.03895772621035576,-0.16096027195453644,1.0609056949615479
0.018884435296058655,-0.13786698877811432,0.8823692798614502
