-2.4455575839965604e-06,-1.4422290405491367e-05,0.8993934392929077
0.09872423112392426,-0.03728609159588814,0.9028074145317078
0.0754777044057846,-0.11620336771011353,0.4608268141746521
0.01658359169960022,-0.257229208946228,0.031989336013793945
-0.09872609376907349,0.03727595508098602,0.8958937525749207
-0.14712654054164886,-0.0262129008769989,0.4555889964103699
-0.21898162364959717,-0.16816061735153198,0.03286385536193848
-0.008061559870839119,-0.022051110863685608,1.1309016942977905
0.0055579133331775665,0.025547295808792114,1.3816137313842773
0.03260990232229233,0.10478919744491577,1.4475934505462646
0.03150476515293121,0.07902711629867554,1.556492567062378
-0.08979804068803787,0.04691198468208313,1.312882661819458
-0.18514949083328247,0.06765052676200867,1.0535780191421509
-0.1244330108165741,0.1372959017753601,1.078438639640808
0.09694713354110718,-0.01930561661720276,1.310275912284851
0.22024452686309814,-0.037215739488601685,1.0590088367462158
0.14328613877296448,0.07751047611236572,1.0936723947525024
