-1.0627372830640525e-06,-1.1199550499441102e-05,0.899389922618866
0.09879619628190994,0.004449539352208376,0.8995587825775146
0.04787744581699371,-0.07909008860588074,0.46312177181243896
-0.0031933486461639404,-0.23073971271514893,0.0385017991065979
-0.09880070388317108,-0.004466849844902754,0.8991426229476929
-0.1867298185825348,-0.015429198741912842,0.47453048825263977
-0.2102716714143753,-0.1540055274963379,0.04532945156097412
0.014471165835857391,-0.03783556818962097,1.1317017078399658
-0.011732282117009163,0.010190248489379883,1.3801734447479248
-0.013461768627166748,0.0861748456954956,1.4503073692321777
-0.01736600697040558,0.06819188594818115,1.5546400547027588
-0.0943162590265274,-0.019113212823867798,1.299225091934204
-0.17966049909591675,-0.043456822633743286,1.0247844457626343
-0.2427467405796051,0.027214262634515762,0.823158860206604
0.07965007424354553,0.01652953028678894,1.3189510107040405
0.17263463139533997,0.027307361364364624,1.0673056840896606
0.11777350306510925,0.11295921355485916,0.8834622502326965
