2.230633072031196e-06,-6.7375403887126595e-06,0.9455010294914246
0.1299009621143341,-0.043280765414237976,0.9498170018196106
0.07810147106647491,-0.09805643558502197,0.46502840518951416
0.04641559720039368,-0.2080167531967163,0.019176065921783447
-0.129903644323349,0.04327322170138359,0.9411279559135437
-0.16008207201957703,-0.006778031587600708,0.4567365050315857
-0.20410656929016113,-0.09224385023117065,0.00554579496383667
-0.016331830993294716,-0.06435106694698334,1.1950101852416992
0.020587565377354622,-0.010061055421829224,1.4445514678955078
0.03971871733665466,0.07074892520904541,1.5297884941101074
0.03309742733836174,0.024574100971221924,1.6291072368621826
-0.10076110064983368,0.021262556314468384,1.3787260055541992
-0.22367218136787415,0.012709349393844604,1.1091053485870361
-0.2456265687942505,0.06908995658159256,0.8520486950874329
0.1263493299484253,-0.0613747239112854,1.355726957321167
0.18096277117729187,-0.12174244225025177,1.084608793258667
0.2132440209388733,-0.0702257975935936,0.8525059223175049
