2.3908369257696904e-06,-6.845202733529732e-06,0.9455019235610962
0.12966109812259674,-0.04532640427350998,0.9499653577804565
0.07935164868831635,-0.09921547770500183,0.4649934768676758
0.046650588512420654,-0.2078288197517395,0.01858389377593994
-0.12966394424438477,0.045318663120269775,0.9409793615341187
-0.15995070338249207,-0.007258772850036621,0.45602190494537354
-0.20460866391658783,-0.09237146377563477,0.005150854587554932
-0.017978638410568237,-0.06317290663719177,1.1950099468231201
0.021912861615419388,-0.008006423711776733,1.4442564249038696
0.0424858033657074,0.0728117823600769,1.528851866722107
0.03501572087407112,0.0270422101020813,1.6288208961486816
-0.0983123630285263,0.02697014808654785,1.3793751001358032
-0.2197643667459488,0.021522939205169678,1.1098048686981201
-0.23785722255706787,0.07649694383144379,0.8525756597518921
0.12470710277557373,-0.06335395574569702,1.354271411895752
0.16656747460365295,-0.13434293866157532,1.0775893926620483
0.1853988617658615,-0.09170455485582352,0.8420078754425049
