-2.274944563396275e-06,-8.17831460153684e-06,0.9455111622810364
0.13334202766418457,-0.02792305126786232,0.9447017312049866
0.07025542855262756,-0.08239907026290894,0.4604572653770447
0.033221468329429626,-0.1844448447227478,0.015961527824401855
-0.13334408402442932,0.027912314981222153,0.9462462663650513
-0.17298343777656555,0.011225700378417969,0.4618339538574219
-0.22556544840335846,-0.07467043399810791,0.01337277889251709
0.015341755002737045,-0.06137453019618988,1.1966733932495117
0.005851926747709513,-0.02532055974006653,1.4555648565292358
0.027745557948946953,0.05554461479187012,1.5312165021896362
0.025198541581630707,0.013858675956726074,1.6336740255355835
-0.11305315792560577,-0.023878872394561768,1.372451901435852
-0.22519850730895996,-0.06794528663158417,1.0941239595413208
-0.2579469680786133,-0.010473884642124176,0.8469516038894653
0.13738465309143066,-0.053255438804626465,1.4115805625915527
0.36255979537963867,-0.011078089475631714,1.3350615501403809
0.468010812997818,0.16294246912002563,1.4646323919296265
