-3.357569767103996e-06,-9.600971679901704e-06,0.9268022179603577
0.08546534180641174,-0.09580333530902863,0.9355006217956543
0.1272439956665039,-0.13438478112220764,0.5042058229446411
-0.015987783670425415,-0.286937952041626,0.10694116353988647
-0.0854712724685669,0.0957871749997139,0.9180172085762024
-0.07459084689617157,0.0007121562957763672,0.47628363966941833
-0.12413325905799866,-0.15012449026107788,0.06083887815475464
-0.0503111332654953,-0.010126784443855286,1.1578936576843262
-0.00013218820095062256,0.035192131996154785,1.4063150882720947
0.0619528666138649,0.09820640087127686,1.4752905368804932
0.0471075139939785,0.08670473098754883,1.5858643054962158
-0.06977669894695282,0.11563488841056824,1.3473048210144043
-0.09731495380401611,0.19517764449119568,1.0880762338638306
0.03708580881357193,0.1790037453174591,0.9642413258552551
0.05025484040379524,-0.05949386954307556,1.3264236450195312
0.0774281769990921,-0.1517760306596756,1.057927131652832
0.08847560733556747,-0.09996987134218216,0.905728280544281
