-9.606013918528333e-06,-1.2996111763641238e-05,0.9268199801445007
0.09785284847021103,-0.08220502734184265,0.9245349168777466
0.043104931712150574,-0.12146484851837158,0.5090397596359253
-0.09811879694461823,-0.23055201768875122,0.11176669597625732
-0.09785684943199158,0.08218957483768463,0.9289863109588623
-0.09073877334594727,0.018732786178588867,0.5209308862686157
-0.214351087808609,-0.12885093688964844,0.13282883167266846
-0.04188777133822441,-0.011717811226844788,1.135866403579712
-0.024174325168132782,0.041688472032547,1.339890956878662
0.024762023240327835,0.11204612255096436,1.3846824169158936
0.023571845144033432,0.09333932399749756,1.4739069938659668
-0.12854617834091187,0.10699254274368286,1.285105586051941
-0.24588167667388916,0.15311762690544128,1.0593276023864746
-0.18706312775611877,0.1833234429359436,0.870294988155365
0.05860121548175812,-0.050156205892562866,1.2771245241165161
0.1289619356393814,-0.16496458649635315,1.0319454669952393
0.18356385827064514,-0.16180355846881866,0.8082640767097473
