-1.3013766874792054e-05,-5.040295945946127e-05,0.9269449710845947
0.023582421243190765,-0.0649828314781189,0.9267362952232361
0.03913039714097977,-0.019572556018829346,0.584555983543396
-0.0533670112490654,-0.14154618978500366,0.15109658241271973
-0.023583725094795227,0.06496666371822357,0.9267909526824951
-0.05478210747241974,-0.040613651275634766,0.6011998057365417
-0.12633928656578064,-0.1547544002532959,0.20068609714508057
0.044610340148210526,0.022790908813476562,1.1169419288635254
0.05458403006196022,0.04483070969581604,1.2509056329727173
0.0167807936668396,0.16483092308044434,1.3188949823379517
0.006302103400230408,0.06453338265419006,1.2544201612472534
0.011217080056667328,0.06604978442192078,1.2717633247375488
-0.028067462146282196,0.1527257263660431,1.103927731513977
0.0320720449090004,0.19030138850212097,1.1284006834030151
0.07010995596647263,0.005253106355667114,1.2213793992996216
0.11568249762058258,-0.09029053151607513,1.0529329776763916
0.1671886444091797,-0.059995803982019424,0.8915385007858276
